#table for dust cooling
#dust/gas mass ratio = 0.009
#metallicity Z = 1
#redshift = 3
#ngas = 1d-6, 1d6 cm-3
#Tgas = 10,1e8 K
#power-law exponent = -3.5
#dust size = 5d-7, 2.5d-5 cm
#dust type = C
#dust bins = 20
#radiation energy = 2d-3, 1.2d3 eV
#radiation bins = 100
#columns: ngas (cm-3), Tgas (K), cooling (erg/cm3/s) 
         30 ,          30
 -0.60000000E+001  0.10000000E+001 -0.40000000E+002
 -0.60000000E+001  0.12413793E+001 -0.40000000E+002
 -0.60000000E+001  0.14827586E+001 -0.40000000E+002
 -0.60000000E+001  0.17241379E+001 -0.40000000E+002
 -0.60000000E+001  0.19655172E+001 -0.40000000E+002
 -0.60000000E+001  0.22068966E+001 -0.40000000E+002
 -0.60000000E+001  0.24482759E+001 -0.40000000E+002
 -0.60000000E+001  0.26896552E+001 -0.40000000E+002
 -0.60000000E+001  0.29310345E+001 -0.40000000E+002
 -0.60000000E+001  0.31724138E+001 -0.39673720E+002
 -0.60000000E+001  0.34137931E+001 -0.39310284E+002
 -0.60000000E+001  0.36551724E+001 -0.38947433E+002
 -0.60000000E+001  0.38965517E+001 -0.38584915E+002
 -0.60000000E+001  0.41379310E+001 -0.38222590E+002
 -0.60000000E+001  0.43793103E+001 -0.37860373E+002
 -0.60000000E+001  0.46206897E+001 -0.37498220E+002
 -0.60000000E+001  0.48620690E+001 -0.37136102E+002
 -0.60000000E+001  0.51034483E+001 -0.36774006E+002
 -0.60000000E+001  0.53448276E+001 -0.36411921E+002
 -0.60000000E+001  0.55862069E+001 -0.36049843E+002
 -0.60000000E+001  0.58275862E+001 -0.35687769E+002
 -0.60000000E+001  0.60689655E+001 -0.35325697E+002
 -0.60000000E+001  0.63103448E+001 -0.34963626E+002
 -0.60000000E+001  0.65517241E+001 -0.34601556E+002
 -0.60000000E+001  0.67931034E+001 -0.34239486E+002
 -0.60000000E+001  0.70344828E+001 -0.33877417E+002
 -0.60000000E+001  0.72758621E+001 -0.33515348E+002
 -0.60000000E+001  0.75172414E+001 -0.33153279E+002
 -0.60000000E+001  0.77586207E+001 -0.32791210E+002
 -0.60000000E+001  0.80000000E+001 -0.32429141E+002
 
 -0.55862069E+001  0.10000000E+001 -0.40000000E+002
 -0.55862069E+001  0.12413793E+001 -0.40000000E+002
 -0.55862069E+001  0.14827586E+001 -0.40000000E+002
 -0.55862069E+001  0.17241379E+001 -0.40000000E+002
 -0.55862069E+001  0.19655172E+001 -0.40000000E+002
 -0.55862069E+001  0.22068966E+001 -0.40000000E+002
 -0.55862069E+001  0.24482759E+001 -0.39946372E+002
 -0.55862069E+001  0.26896552E+001 -0.39576872E+002
 -0.55862069E+001  0.29310345E+001 -0.39210597E+002
 -0.55862069E+001  0.31724138E+001 -0.38846134E+002
 -0.55862069E+001  0.34137931E+001 -0.38482698E+002
 -0.55862069E+001  0.36551724E+001 -0.38119846E+002
 -0.55862069E+001  0.38965517E+001 -0.37757329E+002
 -0.55862069E+001  0.41379310E+001 -0.37395003E+002
 -0.55862069E+001  0.43793103E+001 -0.37032787E+002
 -0.55862069E+001  0.46206897E+001 -0.36670634E+002
 -0.55862069E+001  0.48620690E+001 -0.36308516E+002
 -0.55862069E+001  0.51034483E+001 -0.35946420E+002
 -0.55862069E+001  0.53448276E+001 -0.35584335E+002
 -0.55862069E+001  0.55862069E+001 -0.35222257E+002
 -0.55862069E+001  0.58275862E+001 -0.34860182E+002
 -0.55862069E+001  0.60689655E+001 -0.34498110E+002
 -0.55862069E+001  0.63103448E+001 -0.34136040E+002
 -0.55862069E+001  0.65517241E+001 -0.33773970E+002
 -0.55862069E+001  0.67931034E+001 -0.33411900E+002
 -0.55862069E+001  0.70344828E+001 -0.33049831E+002
 -0.55862069E+001  0.72758621E+001 -0.32687762E+002
 -0.55862069E+001  0.75172414E+001 -0.32325693E+002
 -0.55862069E+001  0.77586207E+001 -0.31963624E+002
 -0.55862069E+001  0.80000000E+001 -0.31601555E+002
 
 -0.51724138E+001  0.10000000E+001 -0.40000000E+002
 -0.51724138E+001  0.12413793E+001 -0.40000000E+002
 -0.51724138E+001  0.14827586E+001 -0.40000000E+002
 -0.51724138E+001  0.17241379E+001 -0.40000000E+002
 -0.51724138E+001  0.19655172E+001 -0.39880334E+002
 -0.51724138E+001  0.22068966E+001 -0.39494121E+002
 -0.51724138E+001  0.24482759E+001 -0.39118786E+002
 -0.51724138E+001  0.26896552E+001 -0.38749286E+002
 -0.51724138E+001  0.29310345E+001 -0.38383011E+002
 -0.51724138E+001  0.31724138E+001 -0.38018548E+002
 -0.51724138E+001  0.34137931E+001 -0.37655112E+002
 -0.51724138E+001  0.36551724E+001 -0.37292260E+002
 -0.51724138E+001  0.38965517E+001 -0.36929743E+002
 -0.51724138E+001  0.41379310E+001 -0.36567417E+002
 -0.51724138E+001  0.43793103E+001 -0.36205201E+002
 -0.51724138E+001  0.46206897E+001 -0.35843047E+002
 -0.51724138E+001  0.48620690E+001 -0.35480930E+002
 -0.51724138E+001  0.51034483E+001 -0.35118833E+002
 -0.51724138E+001  0.53448276E+001 -0.34756748E+002
 -0.51724138E+001  0.55862069E+001 -0.34394670E+002
 -0.51724138E+001  0.58275862E+001 -0.34032596E+002
 -0.51724138E+001  0.60689655E+001 -0.33670524E+002
 -0.51724138E+001  0.63103448E+001 -0.33308453E+002
 -0.51724138E+001  0.65517241E+001 -0.32946383E+002
 -0.51724138E+001  0.67931034E+001 -0.32584314E+002
 -0.51724138E+001  0.70344828E+001 -0.32222245E+002
 -0.51724138E+001  0.72758621E+001 -0.31860176E+002
 -0.51724138E+001  0.75172414E+001 -0.31498106E+002
 -0.51724138E+001  0.77586207E+001 -0.31136037E+002
 -0.51724138E+001  0.80000000E+001 -0.30773968E+002
 
 -0.47586207E+001  0.10000000E+001 -0.40000000E+002
 -0.47586207E+001  0.12413793E+001 -0.40000000E+002
 -0.47586207E+001  0.14827586E+001 -0.39915593E+002
 -0.47586207E+001  0.17241379E+001 -0.39460411E+002
 -0.47586207E+001  0.19655172E+001 -0.39052748E+002
 -0.47586207E+001  0.22068966E+001 -0.38666535E+002
 -0.47586207E+001  0.24482759E+001 -0.38291200E+002
 -0.47586207E+001  0.26896552E+001 -0.37921700E+002
 -0.47586207E+001  0.29310345E+001 -0.37555425E+002
 -0.47586207E+001  0.31724138E+001 -0.37190962E+002
 -0.47586207E+001  0.34137931E+001 -0.36827525E+002
 -0.47586207E+001  0.36551724E+001 -0.36464674E+002
 -0.47586207E+001  0.38965517E+001 -0.36102157E+002
 -0.47586207E+001  0.41379310E+001 -0.35739831E+002
 -0.47586207E+001  0.43793103E+001 -0.35377615E+002
 -0.47586207E+001  0.46206897E+001 -0.35015461E+002
 -0.47586207E+001  0.48620690E+001 -0.34653344E+002
 -0.47586207E+001  0.51034483E+001 -0.34291247E+002
 -0.47586207E+001  0.53448276E+001 -0.33929162E+002
 -0.47586207E+001  0.55862069E+001 -0.33567084E+002
 -0.47586207E+001  0.58275862E+001 -0.33205010E+002
 -0.47586207E+001  0.60689655E+001 -0.32842938E+002
 -0.47586207E+001  0.63103448E+001 -0.32480867E+002
 -0.47586207E+001  0.65517241E+001 -0.32118797E+002
 -0.47586207E+001  0.67931034E+001 -0.31756728E+002
 -0.47586207E+001  0.70344828E+001 -0.31394658E+002
 -0.47586207E+001  0.72758621E+001 -0.31032589E+002
 -0.47586207E+001  0.75172414E+001 -0.30670520E+002
 -0.47586207E+001  0.77586207E+001 -0.30308451E+002
 -0.47586207E+001  0.80000000E+001 -0.29946382E+002
 
 -0.43448276E+001  0.10000000E+001 -0.40000000E+002
 -0.43448276E+001  0.12413793E+001 -0.39684306E+002
 -0.43448276E+001  0.14827586E+001 -0.39088007E+002
 -0.43448276E+001  0.17241379E+001 -0.38632825E+002
 -0.43448276E+001  0.19655172E+001 -0.38225162E+002
 -0.43448276E+001  0.22068966E+001 -0.37838949E+002
 -0.43448276E+001  0.24482759E+001 -0.37463613E+002
 -0.43448276E+001  0.26896552E+001 -0.37094114E+002
 -0.43448276E+001  0.29310345E+001 -0.36727839E+002
 -0.43448276E+001  0.31724138E+001 -0.36363376E+002
 -0.43448276E+001  0.34137931E+001 -0.35999939E+002
 -0.43448276E+001  0.36551724E+001 -0.35637088E+002
 -0.43448276E+001  0.38965517E+001 -0.35274571E+002
 -0.43448276E+001  0.41379310E+001 -0.34912245E+002
 -0.43448276E+001  0.43793103E+001 -0.34550028E+002
 -0.43448276E+001  0.46206897E+001 -0.34187875E+002
 -0.43448276E+001  0.48620690E+001 -0.33825758E+002
 -0.43448276E+001  0.51034483E+001 -0.33463661E+002
 -0.43448276E+001  0.53448276E+001 -0.33101576E+002
 -0.43448276E+001  0.55862069E+001 -0.32739498E+002
 -0.43448276E+001  0.58275862E+001 -0.32377424E+002
 -0.43448276E+001  0.60689655E+001 -0.32015352E+002
 -0.43448276E+001  0.63103448E+001 -0.31653281E+002
 -0.43448276E+001  0.65517241E+001 -0.31291211E+002
 -0.43448276E+001  0.67931034E+001 -0.30929142E+002
 -0.43448276E+001  0.70344828E+001 -0.30567072E+002
 -0.43448276E+001  0.72758621E+001 -0.30205003E+002
 -0.43448276E+001  0.75172414E+001 -0.29842934E+002
 -0.43448276E+001  0.77586207E+001 -0.29480865E+002
 -0.43448276E+001  0.80000000E+001 -0.29118796E+002
 
 -0.39310345E+001  0.10000000E+001 -0.40000000E+002
 -0.39310345E+001  0.12413793E+001 -0.38856720E+002
 -0.39310345E+001  0.14827586E+001 -0.38260421E+002
 -0.39310345E+001  0.17241379E+001 -0.37805239E+002
 -0.39310345E+001  0.19655172E+001 -0.37397576E+002
 -0.39310345E+001  0.22068966E+001 -0.37011363E+002
 -0.39310345E+001  0.24482759E+001 -0.36636027E+002
 -0.39310345E+001  0.26896552E+001 -0.36266527E+002
 -0.39310345E+001  0.29310345E+001 -0.35900253E+002
 -0.39310345E+001  0.31724138E+001 -0.35535789E+002
 -0.39310345E+001  0.34137931E+001 -0.35172353E+002
 -0.39310345E+001  0.36551724E+001 -0.34809502E+002
 -0.39310345E+001  0.38965517E+001 -0.34446984E+002
 -0.39310345E+001  0.41379310E+001 -0.34084659E+002
 -0.39310345E+001  0.43793103E+001 -0.33722442E+002
 -0.39310345E+001  0.46206897E+001 -0.33360289E+002
 -0.39310345E+001  0.48620690E+001 -0.32998171E+002
 -0.39310345E+001  0.51034483E+001 -0.32636075E+002
 -0.39310345E+001  0.53448276E+001 -0.32273990E+002
 -0.39310345E+001  0.55862069E+001 -0.31911912E+002
 -0.39310345E+001  0.58275862E+001 -0.31549837E+002
 -0.39310345E+001  0.60689655E+001 -0.31187766E+002
 -0.39310345E+001  0.63103448E+001 -0.30825695E+002
 -0.39310345E+001  0.65517241E+001 -0.30463625E+002
 -0.39310345E+001  0.67931034E+001 -0.30101555E+002
 -0.39310345E+001  0.70344828E+001 -0.29739486E+002
 -0.39310345E+001  0.72758621E+001 -0.29377417E+002
 -0.39310345E+001  0.75172414E+001 -0.29015348E+002
 -0.39310345E+001  0.77586207E+001 -0.28653279E+002
 -0.39310345E+001  0.80000000E+001 -0.28291210E+002
 
 -0.35172414E+001  0.10000000E+001 -0.40000000E+002
 -0.35172414E+001  0.12413793E+001 -0.38029134E+002
 -0.35172414E+001  0.14827586E+001 -0.37432835E+002
 -0.35172414E+001  0.17241379E+001 -0.36977653E+002
 -0.35172414E+001  0.19655172E+001 -0.36569989E+002
 -0.35172414E+001  0.22068966E+001 -0.36183777E+002
 -0.35172414E+001  0.24482759E+001 -0.35808441E+002
 -0.35172414E+001  0.26896552E+001 -0.35438941E+002
 -0.35172414E+001  0.29310345E+001 -0.35072666E+002
 -0.35172414E+001  0.31724138E+001 -0.34708203E+002
 -0.35172414E+001  0.34137931E+001 -0.34344767E+002
 -0.35172414E+001  0.36551724E+001 -0.33981915E+002
 -0.35172414E+001  0.38965517E+001 -0.33619398E+002
 -0.35172414E+001  0.41379310E+001 -0.33257072E+002
 -0.35172414E+001  0.43793103E+001 -0.32894856E+002
 -0.35172414E+001  0.46206897E+001 -0.32532703E+002
 -0.35172414E+001  0.48620690E+001 -0.32170585E+002
 -0.35172414E+001  0.51034483E+001 -0.31808488E+002
 -0.35172414E+001  0.53448276E+001 -0.31446404E+002
 -0.35172414E+001  0.55862069E+001 -0.31084325E+002
 -0.35172414E+001  0.58275862E+001 -0.30722251E+002
 -0.35172414E+001  0.60689655E+001 -0.30360179E+002
 -0.35172414E+001  0.63103448E+001 -0.29998109E+002
 -0.35172414E+001  0.65517241E+001 -0.29636039E+002
 -0.35172414E+001  0.67931034E+001 -0.29273969E+002
 -0.35172414E+001  0.70344828E+001 -0.28911900E+002
 -0.35172414E+001  0.72758621E+001 -0.28549831E+002
 -0.35172414E+001  0.75172414E+001 -0.28187762E+002
 -0.35172414E+001  0.77586207E+001 -0.27825693E+002
 -0.35172414E+001  0.80000000E+001 -0.27463624E+002
 
 -0.31034483E+001  0.10000000E+001 -0.40000000E+002
 -0.31034483E+001  0.12413793E+001 -0.37201547E+002
 -0.31034483E+001  0.14827586E+001 -0.36605248E+002
 -0.31034483E+001  0.17241379E+001 -0.36150066E+002
 -0.31034483E+001  0.19655172E+001 -0.35742403E+002
 -0.31034483E+001  0.22068966E+001 -0.35356190E+002
 -0.31034483E+001  0.24482759E+001 -0.34980855E+002
 -0.31034483E+001  0.26896552E+001 -0.34611355E+002
 -0.31034483E+001  0.29310345E+001 -0.34245080E+002
 -0.31034483E+001  0.31724138E+001 -0.33880617E+002
 -0.31034483E+001  0.34137931E+001 -0.33517181E+002
 -0.31034483E+001  0.36551724E+001 -0.33154329E+002
 -0.31034483E+001  0.38965517E+001 -0.32791812E+002
 -0.31034483E+001  0.41379310E+001 -0.32429486E+002
 -0.31034483E+001  0.43793103E+001 -0.32067270E+002
 -0.31034483E+001  0.46206897E+001 -0.31705116E+002
 -0.31034483E+001  0.48620690E+001 -0.31342999E+002
 -0.31034483E+001  0.51034483E+001 -0.30980902E+002
 -0.31034483E+001  0.53448276E+001 -0.30618817E+002
 -0.31034483E+001  0.55862069E+001 -0.30256739E+002
 -0.31034483E+001  0.58275862E+001 -0.29894665E+002
 -0.31034483E+001  0.60689655E+001 -0.29532593E+002
 -0.31034483E+001  0.63103448E+001 -0.29170522E+002
 -0.31034483E+001  0.65517241E+001 -0.28808452E+002
 -0.31034483E+001  0.67931034E+001 -0.28446383E+002
 -0.31034483E+001  0.70344828E+001 -0.28084314E+002
 -0.31034483E+001  0.72758621E+001 -0.27722245E+002
 -0.31034483E+001  0.75172414E+001 -0.27360175E+002
 -0.31034483E+001  0.77586207E+001 -0.26998106E+002
 -0.31034483E+001  0.80000000E+001 -0.26636037E+002
 
 -0.26896552E+001  0.10000000E+001 -0.40000000E+002
 -0.26896552E+001  0.12413793E+001 -0.36373961E+002
 -0.26896552E+001  0.14827586E+001 -0.35777662E+002
 -0.26896552E+001  0.17241379E+001 -0.35322480E+002
 -0.26896552E+001  0.19655172E+001 -0.34914817E+002
 -0.26896552E+001  0.22068966E+001 -0.34528604E+002
 -0.26896552E+001  0.24482759E+001 -0.34153269E+002
 -0.26896552E+001  0.26896552E+001 -0.33783769E+002
 -0.26896552E+001  0.29310345E+001 -0.33417494E+002
 -0.26896552E+001  0.31724138E+001 -0.33053031E+002
 -0.26896552E+001  0.34137931E+001 -0.32689594E+002
 -0.26896552E+001  0.36551724E+001 -0.32326743E+002
 -0.26896552E+001  0.38965517E+001 -0.31964226E+002
 -0.26896552E+001  0.41379310E+001 -0.31601900E+002
 -0.26896552E+001  0.43793103E+001 -0.31239684E+002
 -0.26896552E+001  0.46206897E+001 -0.30877530E+002
 -0.26896552E+001  0.48620690E+001 -0.30515413E+002
 -0.26896552E+001  0.51034483E+001 -0.30153316E+002
 -0.26896552E+001  0.53448276E+001 -0.29791231E+002
 -0.26896552E+001  0.55862069E+001 -0.29429153E+002
 -0.26896552E+001  0.58275862E+001 -0.29067079E+002
 -0.26896552E+001  0.60689655E+001 -0.28705007E+002
 -0.26896552E+001  0.63103448E+001 -0.28342936E+002
 -0.26896552E+001  0.65517241E+001 -0.27980866E+002
 -0.26896552E+001  0.67931034E+001 -0.27618797E+002
 -0.26896552E+001  0.70344828E+001 -0.27256727E+002
 -0.26896552E+001  0.72758621E+001 -0.26894658E+002
 -0.26896552E+001  0.75172414E+001 -0.26532589E+002
 -0.26896552E+001  0.77586207E+001 -0.26170520E+002
 -0.26896552E+001  0.80000000E+001 -0.25808451E+002
 
 -0.22758621E+001  0.10000000E+001 -0.40000000E+002
 -0.22758621E+001  0.12413793E+001 -0.35546375E+002
 -0.22758621E+001  0.14827586E+001 -0.34950076E+002
 -0.22758621E+001  0.17241379E+001 -0.34494894E+002
 -0.22758621E+001  0.19655172E+001 -0.34087231E+002
 -0.22758621E+001  0.22068966E+001 -0.33701018E+002
 -0.22758621E+001  0.24482759E+001 -0.33325682E+002
 -0.22758621E+001  0.26896552E+001 -0.32956183E+002
 -0.22758621E+001  0.29310345E+001 -0.32589908E+002
 -0.22758621E+001  0.31724138E+001 -0.32225445E+002
 -0.22758621E+001  0.34137931E+001 -0.31862008E+002
 -0.22758621E+001  0.36551724E+001 -0.31499157E+002
 -0.22758621E+001  0.38965517E+001 -0.31136640E+002
 -0.22758621E+001  0.41379310E+001 -0.30774314E+002
 -0.22758621E+001  0.43793103E+001 -0.30412097E+002
 -0.22758621E+001  0.46206897E+001 -0.30049944E+002
 -0.22758621E+001  0.48620690E+001 -0.29687827E+002
 -0.22758621E+001  0.51034483E+001 -0.29325730E+002
 -0.22758621E+001  0.53448276E+001 -0.28963645E+002
 -0.22758621E+001  0.55862069E+001 -0.28601567E+002
 -0.22758621E+001  0.58275862E+001 -0.28239493E+002
 -0.22758621E+001  0.60689655E+001 -0.27877421E+002
 -0.22758621E+001  0.63103448E+001 -0.27515350E+002
 -0.22758621E+001  0.65517241E+001 -0.27153280E+002
 -0.22758621E+001  0.67931034E+001 -0.26791211E+002
 -0.22758621E+001  0.70344828E+001 -0.26429141E+002
 -0.22758621E+001  0.72758621E+001 -0.26067072E+002
 -0.22758621E+001  0.75172414E+001 -0.25705003E+002
 -0.22758621E+001  0.77586207E+001 -0.25342934E+002
 -0.22758621E+001  0.80000000E+001 -0.24980865E+002
 
 -0.18620690E+001  0.10000000E+001 -0.40000000E+002
 -0.18620690E+001  0.12413793E+001 -0.34718789E+002
 -0.18620690E+001  0.14827586E+001 -0.34122490E+002
 -0.18620690E+001  0.17241379E+001 -0.33667308E+002
 -0.18620690E+001  0.19655172E+001 -0.33259645E+002
 -0.18620690E+001  0.22068966E+001 -0.32873432E+002
 -0.18620690E+001  0.24482759E+001 -0.32498096E+002
 -0.18620690E+001  0.26896552E+001 -0.32128596E+002
 -0.18620690E+001  0.29310345E+001 -0.31762322E+002
 -0.18620690E+001  0.31724138E+001 -0.31397858E+002
 -0.18620690E+001  0.34137931E+001 -0.31034422E+002
 -0.18620690E+001  0.36551724E+001 -0.30671571E+002
 -0.18620690E+001  0.38965517E+001 -0.30309053E+002
 -0.18620690E+001  0.41379310E+001 -0.29946728E+002
 -0.18620690E+001  0.43793103E+001 -0.29584511E+002
 -0.18620690E+001  0.46206897E+001 -0.29222358E+002
 -0.18620690E+001  0.48620690E+001 -0.28860240E+002
 -0.18620690E+001  0.51034483E+001 -0.28498144E+002
 -0.18620690E+001  0.53448276E+001 -0.28136059E+002
 -0.18620690E+001  0.55862069E+001 -0.27773981E+002
 -0.18620690E+001  0.58275862E+001 -0.27411907E+002
 -0.18620690E+001  0.60689655E+001 -0.27049835E+002
 -0.18620690E+001  0.63103448E+001 -0.26687764E+002
 -0.18620690E+001  0.65517241E+001 -0.26325694E+002
 -0.18620690E+001  0.67931034E+001 -0.25963625E+002
 -0.18620690E+001  0.70344828E+001 -0.25601555E+002
 -0.18620690E+001  0.72758621E+001 -0.25239486E+002
 -0.18620690E+001  0.75172414E+001 -0.24877417E+002
 -0.18620690E+001  0.77586207E+001 -0.24515348E+002
 -0.18620690E+001  0.80000000E+001 -0.24153279E+002
 
 -0.14482759E+001  0.10000000E+001 -0.40000000E+002
 -0.14482759E+001  0.12413793E+001 -0.33891203E+002
 -0.14482759E+001  0.14827586E+001 -0.33294904E+002
 -0.14482759E+001  0.17241379E+001 -0.32839722E+002
 -0.14482759E+001  0.19655172E+001 -0.32432058E+002
 -0.14482759E+001  0.22068966E+001 -0.32045846E+002
 -0.14482759E+001  0.24482759E+001 -0.31670510E+002
 -0.14482759E+001  0.26896552E+001 -0.31301010E+002
 -0.14482759E+001  0.29310345E+001 -0.30934735E+002
 -0.14482759E+001  0.31724138E+001 -0.30570272E+002
 -0.14482759E+001  0.34137931E+001 -0.30206836E+002
 -0.14482759E+001  0.36551724E+001 -0.29843984E+002
 -0.14482759E+001  0.38965517E+001 -0.29481467E+002
 -0.14482759E+001  0.41379310E+001 -0.29119141E+002
 -0.14482759E+001  0.43793103E+001 -0.28756925E+002
 -0.14482759E+001  0.46206897E+001 -0.28394772E+002
 -0.14482759E+001  0.48620690E+001 -0.28032654E+002
 -0.14482759E+001  0.51034483E+001 -0.27670558E+002
 -0.14482759E+001  0.53448276E+001 -0.27308473E+002
 -0.14482759E+001  0.55862069E+001 -0.26946395E+002
 -0.14482759E+001  0.58275862E+001 -0.26584321E+002
 -0.14482759E+001  0.60689655E+001 -0.26222249E+002
 -0.14482759E+001  0.63103448E+001 -0.25860178E+002
 -0.14482759E+001  0.65517241E+001 -0.25498108E+002
 -0.14482759E+001  0.67931034E+001 -0.25136038E+002
 -0.14482759E+001  0.70344828E+001 -0.24773969E+002
 -0.14482759E+001  0.72758621E+001 -0.24411900E+002
 -0.14482759E+001  0.75172414E+001 -0.24049831E+002
 -0.14482759E+001  0.77586207E+001 -0.23687762E+002
 -0.14482759E+001  0.80000000E+001 -0.23325693E+002
 
 -0.10344828E+001  0.10000000E+001 -0.40000000E+002
 -0.10344828E+001  0.12413793E+001 -0.33063616E+002
 -0.10344828E+001  0.14827586E+001 -0.32467317E+002
 -0.10344828E+001  0.17241379E+001 -0.32012135E+002
 -0.10344828E+001  0.19655172E+001 -0.31604472E+002
 -0.10344828E+001  0.22068966E+001 -0.31218259E+002
 -0.10344828E+001  0.24482759E+001 -0.30842924E+002
 -0.10344828E+001  0.26896552E+001 -0.30473424E+002
 -0.10344828E+001  0.29310345E+001 -0.30107149E+002
 -0.10344828E+001  0.31724138E+001 -0.29742686E+002
 -0.10344828E+001  0.34137931E+001 -0.29379250E+002
 -0.10344828E+001  0.36551724E+001 -0.29016398E+002
 -0.10344828E+001  0.38965517E+001 -0.28653881E+002
 -0.10344828E+001  0.41379310E+001 -0.28291555E+002
 -0.10344828E+001  0.43793103E+001 -0.27929339E+002
 -0.10344828E+001  0.46206897E+001 -0.27567186E+002
 -0.10344828E+001  0.48620690E+001 -0.27205069E+002
 -0.10344828E+001  0.51034483E+001 -0.26842972E+002
 -0.10344828E+001  0.53448276E+001 -0.26480887E+002
 -0.10344828E+001  0.55862069E+001 -0.26118809E+002
 -0.10344828E+001  0.58275862E+001 -0.25756735E+002
 -0.10344828E+001  0.60689655E+001 -0.25394663E+002
 -0.10344828E+001  0.63103448E+001 -0.25032592E+002
 -0.10344828E+001  0.65517241E+001 -0.24670522E+002
 -0.10344828E+001  0.67931034E+001 -0.24308452E+002
 -0.10344828E+001  0.70344828E+001 -0.23946383E+002
 -0.10344828E+001  0.72758621E+001 -0.23584314E+002
 -0.10344828E+001  0.75172414E+001 -0.23222245E+002
 -0.10344828E+001  0.77586207E+001 -0.22860176E+002
 -0.10344828E+001  0.80000000E+001 -0.22498106E+002
 
 -0.62068966E+000  0.10000000E+001 -0.40000000E+002
 -0.62068966E+000  0.12413793E+001 -0.32236030E+002
 -0.62068966E+000  0.14827586E+001 -0.31639731E+002
 -0.62068966E+000  0.17241379E+001 -0.31184549E+002
 -0.62068966E+000  0.19655172E+001 -0.30776886E+002
 -0.62068966E+000  0.22068966E+001 -0.30390673E+002
 -0.62068966E+000  0.24482759E+001 -0.30015338E+002
 -0.62068966E+000  0.26896552E+001 -0.29645838E+002
 -0.62068966E+000  0.29310345E+001 -0.29279563E+002
 -0.62068966E+000  0.31724138E+001 -0.28915100E+002
 -0.62068966E+000  0.34137931E+001 -0.28551664E+002
 -0.62068966E+000  0.36551724E+001 -0.28188812E+002
 -0.62068966E+000  0.38965517E+001 -0.27826295E+002
 -0.62068966E+000  0.41379310E+001 -0.27463969E+002
 -0.62068966E+000  0.43793103E+001 -0.27101753E+002
 -0.62068966E+000  0.46206897E+001 -0.26739600E+002
 -0.62068966E+000  0.48620690E+001 -0.26377483E+002
 -0.62068966E+000  0.51034483E+001 -0.26015387E+002
 -0.62068966E+000  0.53448276E+001 -0.25653302E+002
 -0.62068966E+000  0.55862069E+001 -0.25291224E+002
 -0.62068966E+000  0.58275862E+001 -0.24929150E+002
 -0.62068966E+000  0.60689655E+001 -0.24567077E+002
 -0.62068966E+000  0.63103448E+001 -0.24205007E+002
 -0.62068966E+000  0.65517241E+001 -0.23842936E+002
 -0.62068966E+000  0.67931034E+001 -0.23480866E+002
 -0.62068966E+000  0.70344828E+001 -0.23118797E+002
 -0.62068966E+000  0.72758621E+001 -0.22756728E+002
 -0.62068966E+000  0.75172414E+001 -0.22394658E+002
 -0.62068966E+000  0.77586207E+001 -0.22032589E+002
 -0.62068966E+000  0.80000000E+001 -0.21670520E+002
 
 -0.20689655E+000  0.10000000E+001 -0.40000000E+002
 -0.20689655E+000  0.12413793E+001 -0.31408444E+002
 -0.20689655E+000  0.14827586E+001 -0.30812145E+002
 -0.20689655E+000  0.17241379E+001 -0.30356963E+002
 -0.20689655E+000  0.19655172E+001 -0.29949300E+002
 -0.20689655E+000  0.22068966E+001 -0.29563087E+002
 -0.20689655E+000  0.24482759E+001 -0.29187752E+002
 -0.20689655E+000  0.26896552E+001 -0.28818252E+002
 -0.20689655E+000  0.29310345E+001 -0.28451977E+002
 -0.20689655E+000  0.31724138E+001 -0.28087514E+002
 -0.20689655E+000  0.34137931E+001 -0.27724078E+002
 -0.20689655E+000  0.36551724E+001 -0.27361227E+002
 -0.20689655E+000  0.38965517E+001 -0.26998710E+002
 -0.20689655E+000  0.41379310E+001 -0.26636384E+002
 -0.20689655E+000  0.43793103E+001 -0.26274168E+002
 -0.20689655E+000  0.46206897E+001 -0.25912016E+002
 -0.20689655E+000  0.48620690E+001 -0.25549899E+002
 -0.20689655E+000  0.51034483E+001 -0.25187802E+002
 -0.20689655E+000  0.53448276E+001 -0.24825718E+002
 -0.20689655E+000  0.55862069E+001 -0.24463639E+002
 -0.20689655E+000  0.58275862E+001 -0.24101565E+002
 -0.20689655E+000  0.60689655E+001 -0.23739492E+002
 -0.20689655E+000  0.63103448E+001 -0.23377421E+002
 -0.20689655E+000  0.65517241E+001 -0.23015350E+002
 -0.20689655E+000  0.67931034E+001 -0.22653281E+002
 -0.20689655E+000  0.70344828E+001 -0.22291211E+002
 -0.20689655E+000  0.72758621E+001 -0.21929142E+002
 -0.20689655E+000  0.75172414E+001 -0.21567072E+002
 -0.20689655E+000  0.77586207E+001 -0.21205003E+002
 -0.20689655E+000  0.80000000E+001 -0.20842934E+002
 
  0.20689655E+000  0.10000000E+001 -0.40000000E+002
  0.20689655E+000  0.12413793E+001 -0.30580858E+002
  0.20689655E+000  0.14827586E+001 -0.29984559E+002
  0.20689655E+000  0.17241379E+001 -0.29529377E+002
  0.20689655E+000  0.19655172E+001 -0.29121714E+002
  0.20689655E+000  0.22068966E+001 -0.28735501E+002
  0.20689655E+000  0.24482759E+001 -0.28360166E+002
  0.20689655E+000  0.26896552E+001 -0.27990666E+002
  0.20689655E+000  0.29310345E+001 -0.27624392E+002
  0.20689655E+000  0.31724138E+001 -0.27259929E+002
  0.20689655E+000  0.34137931E+001 -0.26896493E+002
  0.20689655E+000  0.36551724E+001 -0.26533642E+002
  0.20689655E+000  0.38965517E+001 -0.26171125E+002
  0.20689655E+000  0.41379310E+001 -0.25808800E+002
  0.20689655E+000  0.43793103E+001 -0.25446585E+002
  0.20689655E+000  0.46206897E+001 -0.25084433E+002
  0.20689655E+000  0.48620690E+001 -0.24722316E+002
  0.20689655E+000  0.51034483E+001 -0.24360219E+002
  0.20689655E+000  0.53448276E+001 -0.23998134E+002
  0.20689655E+000  0.55862069E+001 -0.23636055E+002
  0.20689655E+000  0.58275862E+001 -0.23273980E+002
  0.20689655E+000  0.60689655E+001 -0.22911907E+002
  0.20689655E+000  0.63103448E+001 -0.22549835E+002
  0.20689655E+000  0.65517241E+001 -0.22187765E+002
  0.20689655E+000  0.67931034E+001 -0.21825695E+002
  0.20689655E+000  0.70344828E+001 -0.21463625E+002
  0.20689655E+000  0.72758621E+001 -0.21101556E+002
  0.20689655E+000  0.75172414E+001 -0.20739486E+002
  0.20689655E+000  0.77586207E+001 -0.20377417E+002
  0.20689655E+000  0.80000000E+001 -0.20015348E+002
 
  0.62068966E+000  0.10000000E+001 -0.40000000E+002
  0.62068966E+000  0.12413793E+001 -0.29753272E+002
  0.62068966E+000  0.14827586E+001 -0.29156973E+002
  0.62068966E+000  0.17241379E+001 -0.28701791E+002
  0.62068966E+000  0.19655172E+001 -0.28294128E+002
  0.62068966E+000  0.22068966E+001 -0.27907916E+002
  0.62068966E+000  0.24482759E+001 -0.27532581E+002
  0.62068966E+000  0.26896552E+001 -0.27163081E+002
  0.62068966E+000  0.29310345E+001 -0.26796807E+002
  0.62068966E+000  0.31724138E+001 -0.26432345E+002
  0.62068966E+000  0.34137931E+001 -0.26068909E+002
  0.62068966E+000  0.36551724E+001 -0.25706059E+002
  0.62068966E+000  0.38965517E+001 -0.25343544E+002
  0.62068966E+000  0.41379310E+001 -0.24981220E+002
  0.62068966E+000  0.43793103E+001 -0.24619006E+002
  0.62068966E+000  0.46206897E+001 -0.24256853E+002
  0.62068966E+000  0.48620690E+001 -0.23894736E+002
  0.62068966E+000  0.51034483E+001 -0.23532638E+002
  0.62068966E+000  0.53448276E+001 -0.23170552E+002
  0.62068966E+000  0.55862069E+001 -0.22808472E+002
  0.62068966E+000  0.58275862E+001 -0.22446396E+002
  0.62068966E+000  0.60689655E+001 -0.22084322E+002
  0.62068966E+000  0.63103448E+001 -0.21722250E+002
  0.62068966E+000  0.65517241E+001 -0.21360179E+002
  0.62068966E+000  0.67931034E+001 -0.20998109E+002
  0.62068966E+000  0.70344828E+001 -0.20636039E+002
  0.62068966E+000  0.72758621E+001 -0.20273969E+002
  0.62068966E+000  0.75172414E+001 -0.19911900E+002
  0.62068966E+000  0.77586207E+001 -0.19549831E+002
  0.62068966E+000  0.80000000E+001 -0.19187762E+002
 
  0.10344828E+001  0.10000000E+001 -0.40000000E+002
  0.10344828E+001  0.12413793E+001 -0.28925686E+002
  0.10344828E+001  0.14827586E+001 -0.28329388E+002
  0.10344828E+001  0.17241379E+001 -0.27874206E+002
  0.10344828E+001  0.19655172E+001 -0.27466543E+002
  0.10344828E+001  0.22068966E+001 -0.27080331E+002
  0.10344828E+001  0.24482759E+001 -0.26704997E+002
  0.10344828E+001  0.26896552E+001 -0.26335498E+002
  0.10344828E+001  0.29310345E+001 -0.25969225E+002
  0.10344828E+001  0.31724138E+001 -0.25604764E+002
  0.10344828E+001  0.34137931E+001 -0.25241330E+002
  0.10344828E+001  0.36551724E+001 -0.24878482E+002
  0.10344828E+001  0.38965517E+001 -0.24515969E+002
  0.10344828E+001  0.41379310E+001 -0.24153646E+002
  0.10344828E+001  0.43793103E+001 -0.23791432E+002
  0.10344828E+001  0.46206897E+001 -0.23429278E+002
  0.10344828E+001  0.48620690E+001 -0.23067159E+002
  0.10344828E+001  0.51034483E+001 -0.22705059E+002
  0.10344828E+001  0.53448276E+001 -0.22342970E+002
  0.10344828E+001  0.55862069E+001 -0.21980889E+002
  0.10344828E+001  0.58275862E+001 -0.21618812E+002
  0.10344828E+001  0.60689655E+001 -0.21256737E+002
  0.10344828E+001  0.63103448E+001 -0.20894665E+002
  0.10344828E+001  0.65517241E+001 -0.20532594E+002
  0.10344828E+001  0.67931034E+001 -0.20170523E+002
  0.10344828E+001  0.70344828E+001 -0.19808453E+002
  0.10344828E+001  0.72758621E+001 -0.19446383E+002
  0.10344828E+001  0.75172414E+001 -0.19084314E+002
  0.10344828E+001  0.77586207E+001 -0.18722245E+002
  0.10344828E+001  0.80000000E+001 -0.18360176E+002
 
  0.14482759E+001  0.10000000E+001 -0.40000000E+002
  0.14482759E+001  0.12413793E+001 -0.28098102E+002
  0.14482759E+001  0.14827586E+001 -0.27501804E+002
  0.14482759E+001  0.17241379E+001 -0.27046623E+002
  0.14482759E+001  0.19655172E+001 -0.26638961E+002
  0.14482759E+001  0.22068966E+001 -0.26252750E+002
  0.14482759E+001  0.24482759E+001 -0.25877417E+002
  0.14482759E+001  0.26896552E+001 -0.25507920E+002
  0.14482759E+001  0.29310345E+001 -0.25141650E+002
  0.14482759E+001  0.31724138E+001 -0.24777192E+002
  0.14482759E+001  0.34137931E+001 -0.24413762E+002
  0.14482759E+001  0.36551724E+001 -0.24050918E+002
  0.14482759E+001  0.38965517E+001 -0.23688406E+002
  0.14482759E+001  0.41379310E+001 -0.23326084E+002
  0.14482759E+001  0.43793103E+001 -0.22963867E+002
  0.14482759E+001  0.46206897E+001 -0.22601709E+002
  0.14482759E+001  0.48620690E+001 -0.22239585E+002
  0.14482759E+001  0.51034483E+001 -0.21877482E+002
  0.14482759E+001  0.53448276E+001 -0.21515390E+002
  0.14482759E+001  0.55862069E+001 -0.21153307E+002
  0.14482759E+001  0.58275862E+001 -0.20791228E+002
  0.14482759E+001  0.60689655E+001 -0.20429153E+002
  0.14482759E+001  0.63103448E+001 -0.20067080E+002
  0.14482759E+001  0.65517241E+001 -0.19705008E+002
  0.14482759E+001  0.67931034E+001 -0.19342937E+002
  0.14482759E+001  0.70344828E+001 -0.18980867E+002
  0.14482759E+001  0.72758621E+001 -0.18618798E+002
  0.14482759E+001  0.75172414E+001 -0.18256728E+002
  0.14482759E+001  0.77586207E+001 -0.17894659E+002
  0.14482759E+001  0.80000000E+001 -0.17532590E+002
 
  0.18620690E+001  0.10000000E+001 -0.40000000E+002
  0.18620690E+001  0.12413793E+001 -0.27270520E+002
  0.18620690E+001  0.14827586E+001 -0.26674223E+002
  0.18620690E+001  0.17241379E+001 -0.26219044E+002
  0.18620690E+001  0.19655172E+001 -0.25811384E+002
  0.18620690E+001  0.22068966E+001 -0.25425176E+002
  0.18620690E+001  0.24482759E+001 -0.25049847E+002
  0.18620690E+001  0.26896552E+001 -0.24680356E+002
  0.18620690E+001  0.29310345E+001 -0.24314091E+002
  0.18620690E+001  0.31724138E+001 -0.23949641E+002
  0.18620690E+001  0.34137931E+001 -0.23586217E+002
  0.18620690E+001  0.36551724E+001 -0.23223377E+002
  0.18620690E+001  0.38965517E+001 -0.22860864E+002
  0.18620690E+001  0.41379310E+001 -0.22498536E+002
  0.18620690E+001  0.43793103E+001 -0.22136311E+002
  0.18620690E+001  0.46206897E+001 -0.21774145E+002
  0.18620690E+001  0.48620690E+001 -0.21412015E+002
  0.18620690E+001  0.51034483E+001 -0.21049906E+002
  0.18620690E+001  0.53448276E+001 -0.20687811E+002
  0.18620690E+001  0.55862069E+001 -0.20325725E+002
  0.18620690E+001  0.58275862E+001 -0.19963645E+002
  0.18620690E+001  0.60689655E+001 -0.19601569E+002
  0.18620690E+001  0.63103448E+001 -0.19239495E+002
  0.18620690E+001  0.65517241E+001 -0.18877423E+002
  0.18620690E+001  0.67931034E+001 -0.18515352E+002
  0.18620690E+001  0.70344828E+001 -0.18153282E+002
  0.18620690E+001  0.72758621E+001 -0.17791212E+002
  0.18620690E+001  0.75172414E+001 -0.17429142E+002
  0.18620690E+001  0.77586207E+001 -0.17067073E+002
  0.18620690E+001  0.80000000E+001 -0.16705003E+002
 
  0.22758621E+001  0.10000000E+001 -0.40000000E+002
  0.22758621E+001  0.12413793E+001 -0.26442944E+002
  0.22758621E+001  0.14827586E+001 -0.25846651E+002
  0.22758621E+001  0.17241379E+001 -0.25391476E+002
  0.22758621E+001  0.19655172E+001 -0.24983823E+002
  0.22758621E+001  0.22068966E+001 -0.24597623E+002
  0.22758621E+001  0.24482759E+001 -0.24222303E+002
  0.22758621E+001  0.26896552E+001 -0.23852824E+002
  0.22758621E+001  0.29310345E+001 -0.23486573E+002
  0.22758621E+001  0.31724138E+001 -0.23122134E+002
  0.22758621E+001  0.34137931E+001 -0.22758717E+002
  0.22758621E+001  0.36551724E+001 -0.22395873E+002
  0.22758621E+001  0.38965517E+001 -0.22033349E+002
  0.22758621E+001  0.41379310E+001 -0.21671005E+002
  0.22758621E+001  0.43793103E+001 -0.21308765E+002
  0.22758621E+001  0.46206897E+001 -0.20946587E+002
  0.22758621E+001  0.48620690E+001 -0.20584448E+002
  0.22758621E+001  0.51034483E+001 -0.20222333E+002
  0.22758621E+001  0.53448276E+001 -0.19860234E+002
  0.22758621E+001  0.55862069E+001 -0.19498145E+002
  0.22758621E+001  0.58275862E+001 -0.19136063E+002
  0.22758621E+001  0.60689655E+001 -0.18773985E+002
  0.22758621E+001  0.63103448E+001 -0.18411911E+002
  0.22758621E+001  0.65517241E+001 -0.18049838E+002
  0.22758621E+001  0.67931034E+001 -0.17687767E+002
  0.22758621E+001  0.70344828E+001 -0.17325696E+002
  0.22758621E+001  0.72758621E+001 -0.16963626E+002
  0.22758621E+001  0.75172414E+001 -0.16601556E+002
  0.22758621E+001  0.77586207E+001 -0.16239487E+002
  0.22758621E+001  0.80000000E+001 -0.15877417E+002
 
  0.26896552E+001  0.10000000E+001 -0.40000000E+002
  0.26896552E+001  0.12413793E+001 -0.25615386E+002
  0.26896552E+001  0.14827586E+001 -0.25019101E+002
  0.26896552E+001  0.17241379E+001 -0.24563938E+002
  0.26896552E+001  0.19655172E+001 -0.24156300E+002
  0.26896552E+001  0.22068966E+001 -0.23770119E+002
  0.26896552E+001  0.24482759E+001 -0.23394823E+002
  0.26896552E+001  0.26896552E+001 -0.23025369E+002
  0.26896552E+001  0.29310345E+001 -0.22659140E+002
  0.26896552E+001  0.31724138E+001 -0.22294710E+002
  0.26896552E+001  0.34137931E+001 -0.21931283E+002
  0.26896552E+001  0.36551724E+001 -0.21568416E+002
  0.26896552E+001  0.38965517E+001 -0.21205863E+002
  0.26896552E+001  0.41379310E+001 -0.20843491E+002
  0.26896552E+001  0.43793103E+001 -0.20481229E+002
  0.26896552E+001  0.46206897E+001 -0.20119035E+002
  0.26896552E+001  0.48620690E+001 -0.19756885E+002
  0.26896552E+001  0.51034483E+001 -0.19394762E+002
  0.26896552E+001  0.53448276E+001 -0.19032658E+002
  0.26896552E+001  0.55862069E+001 -0.18670566E+002
  0.26896552E+001  0.58275862E+001 -0.18308481E+002
  0.26896552E+001  0.60689655E+001 -0.17946402E+002
  0.26896552E+001  0.63103448E+001 -0.17584327E+002
  0.26896552E+001  0.65517241E+001 -0.17222253E+002
  0.26896552E+001  0.67931034E+001 -0.16860182E+002
  0.26896552E+001  0.70344828E+001 -0.16498111E+002
  0.26896552E+001  0.72758621E+001 -0.16136040E+002
  0.26896552E+001  0.75172414E+001 -0.15773970E+002
  0.26896552E+001  0.77586207E+001 -0.15411901E+002
  0.26896552E+001  0.80000000E+001 -0.15049831E+002
 
  0.31034483E+001  0.10000000E+001 -0.40000000E+002
  0.31034483E+001  0.12413793E+001 -0.24787872E+002
  0.31034483E+001  0.14827586E+001 -0.24191610E+002
  0.31034483E+001  0.17241379E+001 -0.23736477E+002
  0.31034483E+001  0.19655172E+001 -0.23328876E+002
  0.31034483E+001  0.22068966E+001 -0.22942740E+002
  0.31034483E+001  0.24482759E+001 -0.22567492E+002
  0.31034483E+001  0.26896552E+001 -0.22198076E+002
  0.31034483E+001  0.29310345E+001 -0.21831859E+002
  0.31034483E+001  0.31724138E+001 -0.21467408E+002
  0.31034483E+001  0.34137931E+001 -0.21103934E+002
  0.31034483E+001  0.36551724E+001 -0.20741011E+002
  0.31034483E+001  0.38965517E+001 -0.20378407E+002
  0.31034483E+001  0.41379310E+001 -0.20015995E+002
  0.31034483E+001  0.43793103E+001 -0.19653704E+002
  0.31034483E+001  0.46206897E+001 -0.19291490E+002
  0.31034483E+001  0.48620690E+001 -0.18929326E+002
  0.31034483E+001  0.51034483E+001 -0.18567194E+002
  0.31034483E+001  0.53448276E+001 -0.18205084E+002
  0.31034483E+001  0.55862069E+001 -0.17842988E+002
  0.31034483E+001  0.58275862E+001 -0.17480901E+002
  0.31034483E+001  0.60689655E+001 -0.17118820E+002
  0.31034483E+001  0.63103448E+001 -0.16756743E+002
  0.31034483E+001  0.65517241E+001 -0.16394669E+002
  0.31034483E+001  0.67931034E+001 -0.16032597E+002
  0.31034483E+001  0.70344828E+001 -0.15670525E+002
  0.31034483E+001  0.72758621E+001 -0.15308455E+002
  0.31034483E+001  0.75172414E+001 -0.14946385E+002
  0.31034483E+001  0.77586207E+001 -0.14584315E+002
  0.31034483E+001  0.80000000E+001 -0.14222245E+002
 
  0.35172414E+001  0.10000000E+001 -0.40000000E+002
  0.35172414E+001  0.12413793E+001 -0.23960473E+002
  0.35172414E+001  0.14827586E+001 -0.23364269E+002
  0.35172414E+001  0.17241379E+001 -0.22909209E+002
  0.35172414E+001  0.19655172E+001 -0.22501695E+002
  0.35172414E+001  0.22068966E+001 -0.22115649E+002
  0.35172414E+001  0.24482759E+001 -0.21740468E+002
  0.35172414E+001  0.26896552E+001 -0.21371067E+002
  0.35172414E+001  0.29310345E+001 -0.21004800E+002
  0.35172414E+001  0.31724138E+001 -0.20640254E+002
  0.35172414E+001  0.34137931E+001 -0.20276676E+002
  0.35172414E+001  0.36551724E+001 -0.19913659E+002
  0.35172414E+001  0.38965517E+001 -0.19550982E+002
  0.35172414E+001  0.41379310E+001 -0.19188518E+002
  0.35172414E+001  0.43793103E+001 -0.18826191E+002
  0.35172414E+001  0.46206897E+001 -0.18463953E+002
  0.35172414E+001  0.48620690E+001 -0.18101772E+002
  0.35172414E+001  0.51034483E+001 -0.17739630E+002
  0.35172414E+001  0.53448276E+001 -0.17377513E+002
  0.35172414E+001  0.55862069E+001 -0.17015412E+002
  0.35172414E+001  0.58275862E+001 -0.16653322E+002
  0.35172414E+001  0.60689655E+001 -0.16291239E+002
  0.35172414E+001  0.63103448E+001 -0.15929161E+002
  0.35172414E+001  0.65517241E+001 -0.15567086E+002
  0.35172414E+001  0.67931034E+001 -0.15205013E+002
  0.35172414E+001  0.70344828E+001 -0.14842941E+002
  0.35172414E+001  0.72758621E+001 -0.14480870E+002
  0.35172414E+001  0.75172414E+001 -0.14118799E+002
  0.35172414E+001  0.77586207E+001 -0.13756729E+002
  0.35172414E+001  0.80000000E+001 -0.13394660E+002
 
  0.39310345E+001  0.10000000E+001 -0.40000000E+002
  0.39310345E+001  0.12413793E+001 -0.23133369E+002
  0.39310345E+001  0.14827586E+001 -0.22537309E+002
  0.39310345E+001  0.17241379E+001 -0.22082417E+002
  0.39310345E+001  0.19655172E+001 -0.21675071E+002
  0.39310345E+001  0.22068966E+001 -0.21289143E+002
  0.39310345E+001  0.24482759E+001 -0.20913972E+002
  0.39310345E+001  0.26896552E+001 -0.20544459E+002
  0.39310345E+001  0.29310345E+001 -0.20178006E+002
  0.39310345E+001  0.31724138E+001 -0.19813261E+002
  0.39310345E+001  0.34137931E+001 -0.19449510E+002
  0.39310345E+001  0.36551724E+001 -0.19086361E+002
  0.39310345E+001  0.38965517E+001 -0.18723591E+002
  0.39310345E+001  0.41379310E+001 -0.18361062E+002
  0.39310345E+001  0.43793103E+001 -0.17998692E+002
  0.39310345E+001  0.46206897E+001 -0.17636425E+002
  0.39310345E+001  0.48620690E+001 -0.17274225E+002
  0.39310345E+001  0.51034483E+001 -0.16912071E+002
  0.39310345E+001  0.53448276E+001 -0.16549945E+002
  0.39310345E+001  0.55862069E+001 -0.16187839E+002
  0.39310345E+001  0.58275862E+001 -0.15825745E+002
  0.39310345E+001  0.60689655E+001 -0.15463660E+002
  0.39310345E+001  0.63103448E+001 -0.15101579E+002
  0.39310345E+001  0.65517241E+001 -0.14739503E+002
  0.39310345E+001  0.67931034E+001 -0.14377429E+002
  0.39310345E+001  0.70344828E+001 -0.14015356E+002
  0.39310345E+001  0.72758621E+001 -0.13653285E+002
  0.39310345E+001  0.75172414E+001 -0.13291214E+002
  0.39310345E+001  0.77586207E+001 -0.12929144E+002
  0.39310345E+001  0.80000000E+001 -0.12567074E+002
 
  0.43448276E+001  0.10000000E+001 -0.40000000E+002
  0.43448276E+001  0.12413793E+001 -0.22307017E+002
  0.43448276E+001  0.14827586E+001 -0.21711284E+002
  0.43448276E+001  0.17241379E+001 -0.21256709E+002
  0.43448276E+001  0.19655172E+001 -0.20849566E+002
  0.43448276E+001  0.22068966E+001 -0.20463619E+002
  0.43448276E+001  0.24482759E+001 -0.20088203E+002
  0.43448276E+001  0.26896552E+001 -0.19718323E+002
  0.43448276E+001  0.29310345E+001 -0.19351494E+002
  0.43448276E+001  0.31724138E+001 -0.18986432E+002
  0.43448276E+001  0.34137931E+001 -0.18622441E+002
  0.43448276E+001  0.36551724E+001 -0.18259123E+002
  0.43448276E+001  0.38965517E+001 -0.17896236E+002
  0.43448276E+001  0.41379310E+001 -0.17533631E+002
  0.43448276E+001  0.43793103E+001 -0.17171210E+002
  0.43448276E+001  0.46206897E+001 -0.16808909E+002
  0.43448276E+001  0.48620690E+001 -0.16446687E+002
  0.43448276E+001  0.51034483E+001 -0.16084518E+002
  0.43448276E+001  0.53448276E+001 -0.15722382E+002
  0.43448276E+001  0.55862069E+001 -0.15360269E+002
  0.43448276E+001  0.58275862E+001 -0.14998171E+002
  0.43448276E+001  0.60689655E+001 -0.14636082E+002
  0.43448276E+001  0.63103448E+001 -0.14273999E+002
  0.43448276E+001  0.65517241E+001 -0.13911921E+002
  0.43448276E+001  0.67931034E+001 -0.13549846E+002
  0.43448276E+001  0.70344828E+001 -0.13187772E+002
  0.43448276E+001  0.72758621E+001 -0.12825700E+002
  0.43448276E+001  0.75172414E+001 -0.12463628E+002
  0.43448276E+001  0.77586207E+001 -0.12101558E+002
  0.43448276E+001  0.80000000E+001 -0.11739488E+002
 
  0.47586207E+001  0.10000000E+001 -0.40000000E+002
  0.47586207E+001  0.12413793E+001 -0.21482529E+002
  0.47586207E+001  0.14827586E+001 -0.20887400E+002
  0.47586207E+001  0.17241379E+001 -0.20433166E+002
  0.47586207E+001  0.19655172E+001 -0.20025910E+002
  0.47586207E+001  0.22068966E+001 -0.19639430E+002
  0.47586207E+001  0.24482759E+001 -0.19263283E+002
  0.47586207E+001  0.26896552E+001 -0.18892687E+002
  0.47586207E+001  0.29310345E+001 -0.18525270E+002
  0.47586207E+001  0.31724138E+001 -0.18159772E+002
  0.47586207E+001  0.34137931E+001 -0.17795476E+002
  0.47586207E+001  0.36551724E+001 -0.17431951E+002
  0.47586207E+001  0.38965517E+001 -0.17068927E+002
  0.47586207E+001  0.41379310E+001 -0.16706231E+002
  0.47586207E+001  0.43793103E+001 -0.16343749E+002
  0.47586207E+001  0.46206897E+001 -0.15981409E+002
  0.47586207E+001  0.48620690E+001 -0.15619161E+002
  0.47586207E+001  0.51034483E+001 -0.15256973E+002
  0.47586207E+001  0.53448276E+001 -0.14894826E+002
  0.47586207E+001  0.55862069E+001 -0.14532704E+002
  0.47586207E+001  0.58275862E+001 -0.14170600E+002
  0.47586207E+001  0.60689655E+001 -0.13808507E+002
  0.47586207E+001  0.63103448E+001 -0.13446421E+002
  0.47586207E+001  0.65517241E+001 -0.13084340E+002
  0.47586207E+001  0.67931034E+001 -0.12722263E+002
  0.47586207E+001  0.70344828E+001 -0.12360188E+002
  0.47586207E+001  0.72758621E+001 -0.11998115E+002
  0.47586207E+001  0.75172414E+001 -0.11636043E+002
  0.47586207E+001  0.77586207E+001 -0.11273972E+002
  0.47586207E+001  0.80000000E+001 -0.10911902E+002
 
  0.51724138E+001  0.10000000E+001 -0.40000000E+002
  0.51724138E+001  0.12413793E+001 -0.20662392E+002
  0.51724138E+001  0.14827586E+001 -0.20067823E+002
  0.51724138E+001  0.17241379E+001 -0.19613190E+002
  0.51724138E+001  0.19655172E+001 -0.19204748E+002
  0.51724138E+001  0.22068966E+001 -0.18816785E+002
  0.51724138E+001  0.24482759E+001 -0.18439259E+002
  0.51724138E+001  0.26896552E+001 -0.18067565E+002
  0.51724138E+001  0.29310345E+001 -0.17699348E+002
  0.51724138E+001  0.31724138E+001 -0.17333297E+002
  0.51724138E+001  0.34137931E+001 -0.16968630E+002
  0.51724138E+001  0.36551724E+001 -0.16604859E+002
  0.51724138E+001  0.38965517E+001 -0.16241673E+002
  0.51724138E+001  0.41379310E+001 -0.15878869E+002
  0.51724138E+001  0.43793103E+001 -0.15516317E+002
  0.51724138E+001  0.46206897E+001 -0.15153930E+002
  0.51724138E+001  0.48620690E+001 -0.14791650E+002
  0.51724138E+001  0.51034483E+001 -0.14429441E+002
  0.51724138E+001  0.53448276E+001 -0.14067278E+002
  0.51724138E+001  0.55862069E+001 -0.13705146E+002
  0.51724138E+001  0.58275862E+001 -0.13343034E+002
  0.51724138E+001  0.60689655E+001 -0.12980935E+002
  0.51724138E+001  0.63103448E+001 -0.12618844E+002
  0.51724138E+001  0.65517241E+001 -0.12256760E+002
  0.51724138E+001  0.67931034E+001 -0.11894681E+002
  0.51724138E+001  0.70344828E+001 -0.11532605E+002
  0.51724138E+001  0.72758621E+001 -0.11170531E+002
  0.51724138E+001  0.75172414E+001 -0.10808458E+002
  0.51724138E+001  0.77586207E+001 -0.10446387E+002
  0.51724138E+001  0.80000000E+001 -0.10084316E+002
 
  0.55862069E+001  0.10000000E+001 -0.40000000E+002
  0.55862069E+001  0.12413793E+001 -0.19851312E+002
  0.55862069E+001  0.14827586E+001 -0.19255449E+002
  0.55862069E+001  0.17241379E+001 -0.18798042E+002
  0.55862069E+001  0.19655172E+001 -0.18386475E+002
  0.55862069E+001  0.22068966E+001 -0.17995781E+002
  0.55862069E+001  0.24482759E+001 -0.17616164E+002
  0.55862069E+001  0.26896552E+001 -0.17242985E+002
  0.55862069E+001  0.29310345E+001 -0.16873759E+002
  0.55862069E+001  0.31724138E+001 -0.16507037E+002
  0.55862069E+001  0.34137931E+001 -0.16141927E+002
  0.55862069E+001  0.36551724E+001 -0.15777866E+002
  0.55862069E+001  0.38965517E+001 -0.15414489E+002
  0.55862069E+001  0.41379310E+001 -0.15051560E+002
  0.55862069E+001  0.43793103E+001 -0.14688923E+002
  0.55862069E+001  0.46206897E+001 -0.14326479E+002
  0.55862069E+001  0.48620690E+001 -0.13964161E+002
  0.55862069E+001  0.51034483E+001 -0.13601925E+002
  0.55862069E+001  0.53448276E+001 -0.13239743E+002
  0.55862069E+001  0.55862069E+001 -0.12877596E+002
  0.55862069E+001  0.58275862E+001 -0.12515473E+002
  0.55862069E+001  0.60689655E+001 -0.12153366E+002
  0.55862069E+001  0.63103448E+001 -0.11791270E+002
  0.55862069E+001  0.65517241E+001 -0.11429182E+002
  0.55862069E+001  0.67931034E+001 -0.11067100E+002
  0.55862069E+001  0.70344828E+001 -0.10705022E+002
  0.55862069E+001  0.72758621E+001 -0.10342946E+002
  0.55862069E+001  0.75172414E+001 -0.99808733E+001
  0.55862069E+001  0.77586207E+001 -0.96188015E+001
  0.55862069E+001  0.80000000E+001 -0.92567307E+001
 
  0.60000000E+001  0.10000000E+001 -0.40000000E+002
  0.60000000E+001  0.12413793E+001 -0.19056184E+002
  0.60000000E+001  0.14827586E+001 -0.18453115E+002
  0.60000000E+001  0.17241379E+001 -0.17988595E+002
  0.60000000E+001  0.19655172E+001 -0.17571321E+002
  0.60000000E+001  0.22068966E+001 -0.17176499E+002
  0.60000000E+001  0.24482759E+001 -0.16794060E+002
  0.60000000E+001  0.26896552E+001 -0.16419010E+002
  0.60000000E+001  0.29310345E+001 -0.16048558E+002
  0.60000000E+001  0.31724138E+001 -0.15681036E+002
  0.60000000E+001  0.34137931E+001 -0.15315405E+002
  0.60000000E+001  0.36551724E+001 -0.14951001E+002
  0.60000000E+001  0.38965517E+001 -0.14587398E+002
  0.60000000E+001  0.41379310E+001 -0.14224318E+002
  0.60000000E+001  0.43793103E+001 -0.13861581E+002
  0.60000000E+001  0.46206897E+001 -0.13499067E+002
  0.60000000E+001  0.48620690E+001 -0.13136700E+002
  0.60000000E+001  0.51034483E+001 -0.12774429E+002
  0.60000000E+001  0.53448276E+001 -0.12412221E+002
  0.60000000E+001  0.55862069E+001 -0.12050055E+002
  0.60000000E+001  0.58275862E+001 -0.11687917E+002
  0.60000000E+001  0.60689655E+001 -0.11325800E+002
  0.60000000E+001  0.63103448E+001 -0.10963697E+002
  0.60000000E+001  0.65517241E+001 -0.10601604E+002
  0.60000000E+001  0.67931034E+001 -0.10239519E+002
  0.60000000E+001  0.70344828E+001 -0.98774390E+001
  0.60000000E+001  0.72758621E+001 -0.95153626E+001
  0.60000000E+001  0.75172414E+001 -0.91532887E+001
  0.60000000E+001  0.77586207E+001 -0.87912164E+001
  0.60000000E+001  0.80000000E+001 -0.84291452E+001
 
