           30,          30
  -0.48829088E+01   0.00000000E+00  -0.23836365E+02
  -0.48829088E+01  -0.17241380E+00  -0.23835507E+02
  -0.48829088E+01  -0.34482759E+00  -0.23834477E+02
  -0.48829088E+01  -0.51724136E+00  -0.23833112E+02
  -0.48829088E+01  -0.68965518E+00  -0.23831199E+02
  -0.48829088E+01  -0.86206895E+00  -0.23828442E+02
  -0.48829088E+01  -0.10344827E+01  -0.23824422E+02
  -0.48829088E+01  -0.12068965E+01  -0.23818544E+02
  -0.48829088E+01  -0.13793104E+01  -0.23809966E+02
  -0.48829088E+01  -0.15517242E+01  -0.23797722E+02
  -0.48829088E+01  -0.17241379E+01  -0.23779871E+02
  -0.48829088E+01  -0.18965517E+01  -0.23754614E+02
  -0.48829088E+01  -0.20689654E+01  -0.23719575E+02
  -0.48829088E+01  -0.22413793E+01  -0.23672191E+02
  -0.48829088E+01  -0.24137931E+01  -0.23610084E+02
  -0.48829088E+01  -0.25862069E+01  -0.23531558E+02
  -0.48829088E+01  -0.27586207E+01  -0.23436034E+02
  -0.48829088E+01  -0.29310346E+01  -0.23324211E+02
  -0.48829088E+01  -0.31034484E+01  -0.23197873E+02
  -0.48829088E+01  -0.32758620E+01  -0.23059437E+02
  -0.48829088E+01  -0.34482758E+01  -0.22911459E+02
  -0.48829088E+01  -0.36206896E+01  -0.22756283E+02
  -0.48829088E+01  -0.37931035E+01  -0.22595856E+02
  -0.48829088E+01  -0.39655173E+01  -0.22431691E+02
  -0.48829088E+01  -0.41379309E+01  -0.22264913E+02
  -0.48829088E+01  -0.43103447E+01  -0.22096330E+02
  -0.48829088E+01  -0.44827585E+01  -0.21926510E+02
  -0.48829088E+01  -0.46551723E+01  -0.21755850E+02
  -0.48829088E+01  -0.48275862E+01  -0.21584619E+02
  -0.48829088E+01  -0.50000000E+01  -0.21413002E+02
 
  -0.43656673E+01   0.00000000E+00  -0.23837527E+02
  -0.43656673E+01  -0.17241380E+00  -0.23836305E+02
  -0.43656673E+01  -0.34482759E+00  -0.23835030E+02
  -0.43656673E+01  -0.51724136E+00  -0.23833501E+02
  -0.43656673E+01  -0.68965518E+00  -0.23831477E+02
  -0.43656673E+01  -0.86206895E+00  -0.23828646E+02
  -0.43656673E+01  -0.10344827E+01  -0.23824577E+02
  -0.43656673E+01  -0.12068965E+01  -0.23818665E+02
  -0.43656673E+01  -0.13793104E+01  -0.23810065E+02
  -0.43656673E+01  -0.15517242E+01  -0.23797805E+02
  -0.43656673E+01  -0.17241379E+01  -0.23779944E+02
  -0.43656673E+01  -0.18965517E+01  -0.23754680E+02
  -0.43656673E+01  -0.20689654E+01  -0.23719637E+02
  -0.43656673E+01  -0.22413793E+01  -0.23672249E+02
  -0.43656673E+01  -0.24137931E+01  -0.23610141E+02
  -0.43656673E+01  -0.25862069E+01  -0.23531614E+02
  -0.43656673E+01  -0.27586207E+01  -0.23436089E+02
  -0.43656673E+01  -0.29310346E+01  -0.23324266E+02
  -0.43656673E+01  -0.31034484E+01  -0.23197928E+02
  -0.43656673E+01  -0.32758620E+01  -0.23059491E+02
  -0.43656673E+01  -0.34482758E+01  -0.22911513E+02
  -0.43656673E+01  -0.36206896E+01  -0.22756337E+02
  -0.43656673E+01  -0.37931035E+01  -0.22595910E+02
  -0.43656673E+01  -0.39655173E+01  -0.22431745E+02
  -0.43656673E+01  -0.41379309E+01  -0.22264967E+02
  -0.43656673E+01  -0.43103447E+01  -0.22096384E+02
  -0.43656673E+01  -0.44827585E+01  -0.21926565E+02
  -0.43656673E+01  -0.46551723E+01  -0.21755904E+02
  -0.43656673E+01  -0.48275862E+01  -0.21584673E+02
  -0.43656673E+01  -0.50000000E+01  -0.21413056E+02
 
  -0.38484258E+01   0.00000000E+00  -0.23840094E+02
  -0.38484258E+01  -0.17241380E+00  -0.23838070E+02
  -0.38484258E+01  -0.34482759E+00  -0.23836255E+02
  -0.38484258E+01  -0.51724136E+00  -0.23834362E+02
  -0.38484258E+01  -0.68965518E+00  -0.23832094E+02
  -0.38484258E+01  -0.86206895E+00  -0.23829098E+02
  -0.38484258E+01  -0.10344827E+01  -0.23824918E+02
  -0.38484258E+01  -0.12068965E+01  -0.23818932E+02
  -0.38484258E+01  -0.13793104E+01  -0.23810282E+02
  -0.38484258E+01  -0.15517242E+01  -0.23797795E+02
  -0.38484258E+01  -0.17241379E+01  -0.23780105E+02
  -0.38484258E+01  -0.18965517E+01  -0.23754826E+02
  -0.38484258E+01  -0.20689654E+01  -0.23719773E+02
  -0.38484258E+01  -0.22413793E+01  -0.23672379E+02
  -0.38484258E+01  -0.24137931E+01  -0.23610266E+02
  -0.38484258E+01  -0.25862069E+01  -0.23531737E+02
  -0.38484258E+01  -0.27586207E+01  -0.23436210E+02
  -0.38484258E+01  -0.29310346E+01  -0.23324387E+02
  -0.38484258E+01  -0.31034484E+01  -0.23198048E+02
  -0.38484258E+01  -0.32758620E+01  -0.23059611E+02
  -0.38484258E+01  -0.34482758E+01  -0.22911633E+02
  -0.38484258E+01  -0.36206896E+01  -0.22756457E+02
  -0.38484258E+01  -0.37931035E+01  -0.22596030E+02
  -0.38484258E+01  -0.39655173E+01  -0.22431865E+02
  -0.38484258E+01  -0.41379309E+01  -0.22265087E+02
  -0.38484258E+01  -0.43103447E+01  -0.22096504E+02
  -0.38484258E+01  -0.44827585E+01  -0.21926685E+02
  -0.38484258E+01  -0.46551723E+01  -0.21756024E+02
  -0.38484258E+01  -0.48275862E+01  -0.21584793E+02
  -0.38484258E+01  -0.50000000E+01  -0.21413176E+02
 
  -0.33311843E+01   0.00000000E+00  -0.23845759E+02
  -0.33311843E+01  -0.17241380E+00  -0.23841967E+02
  -0.33311843E+01  -0.34482759E+00  -0.23838960E+02
  -0.33311843E+01  -0.51724136E+00  -0.23836265E+02
  -0.33311843E+01  -0.68965518E+00  -0.23833456E+02
  -0.33311843E+01  -0.86206895E+00  -0.23830097E+02
  -0.33311843E+01  -0.10344827E+01  -0.23825673E+02
  -0.33311843E+01  -0.12068965E+01  -0.23819522E+02
  -0.33311843E+01  -0.13793104E+01  -0.23810762E+02
  -0.33311843E+01  -0.15517242E+01  -0.23798201E+02
  -0.33311843E+01  -0.17241379E+01  -0.23780461E+02
  -0.33311843E+01  -0.18965517E+01  -0.23755149E+02
  -0.33311843E+01  -0.20689654E+01  -0.23720074E+02
  -0.33311843E+01  -0.22413793E+01  -0.23672666E+02
  -0.33311843E+01  -0.24137931E+01  -0.23610545E+02
  -0.33311843E+01  -0.25862069E+01  -0.23532010E+02
  -0.33311843E+01  -0.27586207E+01  -0.23436480E+02
  -0.33311843E+01  -0.29310346E+01  -0.23324654E+02
  -0.33311843E+01  -0.31034484E+01  -0.23198315E+02
  -0.33311843E+01  -0.32758620E+01  -0.23059877E+02
  -0.33311843E+01  -0.34482758E+01  -0.22911899E+02
  -0.33311843E+01  -0.36206896E+01  -0.22756723E+02
  -0.33311843E+01  -0.37931035E+01  -0.22596295E+02
  -0.33311843E+01  -0.39655173E+01  -0.22432131E+02
  -0.33311843E+01  -0.41379309E+01  -0.22265353E+02
  -0.33311843E+01  -0.43103447E+01  -0.22096769E+02
  -0.33311843E+01  -0.44827585E+01  -0.21926950E+02
  -0.33311843E+01  -0.46551723E+01  -0.21756289E+02
  -0.33311843E+01  -0.48275862E+01  -0.21585058E+02
  -0.33311843E+01  -0.50000000E+01  -0.21413441E+02
 
  -0.28139428E+01   0.00000000E+00  -0.23858218E+02
  -0.28139428E+01  -0.17241380E+00  -0.23850553E+02
  -0.28139428E+01  -0.34482759E+00  -0.23844928E+02
  -0.28139428E+01  -0.51724136E+00  -0.23840466E+02
  -0.28139428E+01  -0.68965518E+00  -0.23836467E+02
  -0.28139428E+01  -0.86206895E+00  -0.23832306E+02
  -0.28139428E+01  -0.10344827E+01  -0.23827342E+02
  -0.28139428E+01  -0.12068965E+01  -0.23820828E+02
  -0.28139428E+01  -0.13793104E+01  -0.23811824E+02
  -0.28139428E+01  -0.15517242E+01  -0.23799100E+02
  -0.28139428E+01  -0.17241379E+01  -0.23781248E+02
  -0.28139428E+01  -0.18965517E+01  -0.23755863E+02
  -0.28139428E+01  -0.20689654E+01  -0.23720741E+02
  -0.28139428E+01  -0.22413793E+01  -0.23673302E+02
  -0.28139428E+01  -0.24137931E+01  -0.23611160E+02
  -0.28139428E+01  -0.25862069E+01  -0.23532613E+02
  -0.28139428E+01  -0.27586207E+01  -0.23437076E+02
  -0.28139428E+01  -0.29310346E+01  -0.23325246E+02
  -0.28139428E+01  -0.31034484E+01  -0.23198904E+02
  -0.28139428E+01  -0.32758620E+01  -0.23060466E+02
  -0.28139428E+01  -0.34482758E+01  -0.22912487E+02
  -0.28139428E+01  -0.36206896E+01  -0.22757310E+02
  -0.28139428E+01  -0.37931035E+01  -0.22596883E+02
  -0.28139428E+01  -0.39655173E+01  -0.22432718E+02
  -0.28139428E+01  -0.41379309E+01  -0.22265940E+02
  -0.28139428E+01  -0.43103447E+01  -0.22097356E+02
  -0.28139428E+01  -0.44827585E+01  -0.21927537E+02
  -0.28139428E+01  -0.46551723E+01  -0.21756876E+02
  -0.28139428E+01  -0.48275862E+01  -0.21585645E+02
  -0.28139428E+01  -0.50000000E+01  -0.21414028E+02
 
  -0.22967014E+01   0.00000000E+00  -0.23885420E+02
  -0.22967014E+01  -0.17241380E+00  -0.23869378E+02
  -0.22967014E+01  -0.34482759E+00  -0.23858049E+02
  -0.22967014E+01  -0.51724136E+00  -0.23849719E+02
  -0.22967014E+01  -0.68965518E+00  -0.23843105E+02
  -0.22967014E+01  -0.86206895E+00  -0.23837180E+02
  -0.22967014E+01  -0.10344827E+01  -0.23831027E+02
  -0.22967014E+01  -0.12068965E+01  -0.23823713E+02
  -0.22967014E+01  -0.13793104E+01  -0.23814171E+02
  -0.22967014E+01  -0.15517242E+01  -0.23801085E+02
  -0.22967014E+01  -0.17241379E+01  -0.23782796E+02
  -0.22967014E+01  -0.18965517E+01  -0.23757442E+02
  -0.22967014E+01  -0.20689654E+01  -0.23722214E+02
  -0.22967014E+01  -0.22413793E+01  -0.23674706E+02
  -0.22967014E+01  -0.24137931E+01  -0.23612521E+02
  -0.22967014E+01  -0.25862069E+01  -0.23533947E+02
  -0.22967014E+01  -0.27586207E+01  -0.23438393E+02
  -0.22967014E+01  -0.29310346E+01  -0.23326554E+02
  -0.22967014E+01  -0.31034484E+01  -0.23200208E+02
  -0.22967014E+01  -0.32758620E+01  -0.23061766E+02
  -0.22967014E+01  -0.34482758E+01  -0.22913786E+02
  -0.22967014E+01  -0.36206896E+01  -0.22758609E+02
  -0.22967014E+01  -0.37931035E+01  -0.22598181E+02
  -0.22967014E+01  -0.39655173E+01  -0.22434016E+02
  -0.22967014E+01  -0.41379309E+01  -0.22267237E+02
  -0.22967014E+01  -0.43103447E+01  -0.22098654E+02
  -0.22967014E+01  -0.44827585E+01  -0.21928835E+02
  -0.22967014E+01  -0.46551723E+01  -0.21758174E+02
  -0.22967014E+01  -0.48275862E+01  -0.21586943E+02
  -0.22967014E+01  -0.50000000E+01  -0.21415326E+02
 
  -0.17794599E+01   0.00000000E+00  -0.23943834E+02
  -0.17794599E+01  -0.17241380E+00  -0.23910189E+02
  -0.17794599E+01  -0.34482759E+00  -0.23886672E+02
  -0.17794599E+01  -0.51724136E+00  -0.23869989E+02
  -0.17794599E+01  -0.68965518E+00  -0.23857687E+02
  -0.17794599E+01  -0.86206895E+00  -0.23847906E+02
  -0.17794599E+01  -0.10344827E+01  -0.23839146E+02
  -0.17794599E+01  -0.12068965E+01  -0.23830074E+02
  -0.17794599E+01  -0.13793104E+01  -0.23819349E+02
  -0.17794599E+01  -0.15517242E+01  -0.23805468E+02
  -0.17794599E+01  -0.17241379E+01  -0.23786647E+02
  -0.17794599E+01  -0.18965517E+01  -0.23760740E+02
  -0.17794599E+01  -0.20689654E+01  -0.23725467E+02
  -0.17794599E+01  -0.22413793E+01  -0.23677808E+02
  -0.17794599E+01  -0.24137931E+01  -0.23615526E+02
  -0.17794599E+01  -0.25862069E+01  -0.23536892E+02
  -0.17794599E+01  -0.27586207E+01  -0.23441304E+02
  -0.17794599E+01  -0.29310346E+01  -0.23329444E+02
  -0.17794599E+01  -0.31034484E+01  -0.23203087E+02
  -0.17794599E+01  -0.32758620E+01  -0.23064639E+02
  -0.17794599E+01  -0.34482758E+01  -0.22916656E+02
  -0.17794599E+01  -0.36206896E+01  -0.22761477E+02
  -0.17794599E+01  -0.37931035E+01  -0.22601048E+02
  -0.17794599E+01  -0.39655173E+01  -0.22436883E+02
  -0.17794599E+01  -0.41379309E+01  -0.22270104E+02
  -0.17794599E+01  -0.43103447E+01  -0.22101521E+02
  -0.17794599E+01  -0.44827585E+01  -0.21931701E+02
  -0.17794599E+01  -0.46551723E+01  -0.21761041E+02
  -0.17794599E+01  -0.48275862E+01  -0.21589810E+02
  -0.17794599E+01  -0.50000000E+01  -0.21418193E+02
 
  -0.12622184E+01   0.00000000E+00  -0.24064461E+02
  -0.12622184E+01  -0.17241380E+00  -0.23996392E+02
  -0.12622184E+01  -0.34482759E+00  -0.23948023E+02
  -0.12622184E+01  -0.51724136E+00  -0.23913853E+02
  -0.12622184E+01  -0.68965518E+00  -0.23889442E+02
  -0.12622184E+01  -0.86206895E+00  -0.23871361E+02
  -0.12622184E+01  -0.10344827E+01  -0.23856951E+02
  -0.12622184E+01  -0.12068965E+01  -0.23844050E+02
  -0.12622184E+01  -0.13793104E+01  -0.23830739E+02
  -0.12622184E+01  -0.15517242E+01  -0.23815117E+02
  -0.12622184E+01  -0.17241379E+01  -0.23795129E+02
  -0.12622184E+01  -0.18965517E+01  -0.23768443E+02
  -0.12622184E+01  -0.20689654E+01  -0.23732458E+02
  -0.12622184E+01  -0.22413793E+01  -0.23684646E+02
  -0.12622184E+01  -0.24137931E+01  -0.23622152E+02
  -0.12622184E+01  -0.25862069E+01  -0.23543388E+02
  -0.12622184E+01  -0.27586207E+01  -0.23447722E+02
  -0.12622184E+01  -0.29310346E+01  -0.23335819E+02
  -0.12622184E+01  -0.31034484E+01  -0.23209437E+02
  -0.12622184E+01  -0.32758620E+01  -0.23070976E+02
  -0.12622184E+01  -0.34482758E+01  -0.22922986E+02
  -0.12622184E+01  -0.36206896E+01  -0.22767804E+02
  -0.12622184E+01  -0.37931035E+01  -0.22607373E+02
  -0.12622184E+01  -0.39655173E+01  -0.22443207E+02
  -0.12622184E+01  -0.41379309E+01  -0.22276428E+02
  -0.12622184E+01  -0.43103447E+01  -0.22107844E+02
  -0.12622184E+01  -0.44827585E+01  -0.21938025E+02
  -0.12622184E+01  -0.46551723E+01  -0.21767364E+02
  -0.12622184E+01  -0.48275862E+01  -0.21596133E+02
  -0.12622184E+01  -0.50000000E+01  -0.21424516E+02
 
  -0.74497693E+00   0.00000000E+00  -0.24291013E+02
  -0.74497693E+00  -0.17241380E+00  -0.24167445E+02
  -0.74497693E+00  -0.34482759E+00  -0.24074148E+02
  -0.74497693E+00  -0.51724136E+00  -0.24006104E+02
  -0.74497693E+00  -0.68965518E+00  -0.23957219E+02
  -0.74497693E+00  -0.86206895E+00  -0.23921909E+02
  -0.74497693E+00  -0.10344827E+01  -0.23895566E+02
  -0.74497693E+00  -0.12068965E+01  -0.23874488E+02
  -0.74497693E+00  -0.13793104E+01  -0.23855615E+02
  -0.74497693E+00  -0.15517242E+01  -0.23836231E+02
  -0.74497693E+00  -0.17241379E+01  -0.23813712E+02
  -0.74497693E+00  -0.18965517E+01  -0.23785337E+02
  -0.74497693E+00  -0.20689654E+01  -0.23748235E+02
  -0.74497693E+00  -0.22413793E+01  -0.23699503E+02
  -0.74497693E+00  -0.24137931E+01  -0.23636535E+02
  -0.74497693E+00  -0.25862069E+01  -0.23557473E+02
  -0.74497693E+00  -0.27586207E+01  -0.23461822E+02
  -0.74497693E+00  -0.29310346E+01  -0.23349823E+02
  -0.74497693E+00  -0.31034484E+01  -0.23223389E+02
  -0.74497693E+00  -0.32758620E+01  -0.23084901E+02
  -0.74497693E+00  -0.34482758E+01  -0.22936897E+02
  -0.74497693E+00  -0.36206896E+01  -0.22781708E+02
  -0.74497693E+00  -0.37931035E+01  -0.22621274E+02
  -0.74497693E+00  -0.39655173E+01  -0.22457106E+02
  -0.74497693E+00  -0.41379309E+01  -0.22290326E+02
  -0.74497693E+00  -0.43103447E+01  -0.22121742E+02
  -0.74497693E+00  -0.44827585E+01  -0.21951922E+02
  -0.74497693E+00  -0.46551723E+01  -0.21781261E+02
  -0.74497693E+00  -0.48275862E+01  -0.21610029E+02
  -0.74497693E+00  -0.50000000E+01  -0.21438412E+02
 
  -0.22773546E+00   0.00000000E+00  -0.24635494E+02
  -0.22773546E+00  -0.17241380E+00  -0.24459870E+02
  -0.22773546E+00  -0.34482759E+00  -0.24308511E+02
  -0.22773546E+00  -0.51724136E+00  -0.24187267E+02
  -0.22773546E+00  -0.68965518E+00  -0.24095167E+02
  -0.22773546E+00  -0.86206895E+00  -0.24027194E+02
  -0.22773546E+00  -0.10344827E+01  -0.23977214E+02
  -0.22773546E+00  -0.12068965E+01  -0.23939483E+02
  -0.22773546E+00  -0.13793104E+01  -0.23909078E+02
  -0.22773546E+00  -0.15517242E+01  -0.23881806E+02
  -0.22773546E+00  -0.17241379E+01  -0.23853941E+02
  -0.22773546E+00  -0.18965517E+01  -0.23821980E+02
  -0.22773546E+00  -0.20689654E+01  -0.23782501E+02
  -0.22773546E+00  -0.22413793E+01  -0.23732223E+02
  -0.22773546E+00  -0.24137931E+01  -0.23668274E+02
  -0.22773546E+00  -0.25862069E+01  -0.23588611E+02
  -0.22773546E+00  -0.27586207E+01  -0.23492410E+02
  -0.22773546E+00  -0.29310346E+01  -0.23380200E+02
  -0.22773546E+00  -0.31034484E+01  -0.23253650E+02
  -0.22773546E+00  -0.32758620E+01  -0.23115100E+02
  -0.22773546E+00  -0.34482758E+01  -0.22967063E+02
  -0.22773546E+00  -0.36206896E+01  -0.22811856E+02
  -0.22773546E+00  -0.37931035E+01  -0.22651413E+02
  -0.22773546E+00  -0.39655173E+01  -0.22487240E+02
  -0.22773546E+00  -0.41379309E+01  -0.22320457E+02
  -0.22773546E+00  -0.43103447E+01  -0.22151871E+02
  -0.22773546E+00  -0.44827585E+01  -0.21982050E+02
  -0.22773546E+00  -0.46551723E+01  -0.21811389E+02
  -0.22773546E+00  -0.48275862E+01  -0.21640157E+02
  -0.22773546E+00  -0.50000000E+01  -0.21468540E+02
 
   0.28950602E+00   0.00000000E+00  -0.25029109E+02
   0.28950602E+00  -0.17241380E+00  -0.24840027E+02
   0.28950602E+00  -0.34482759E+00  -0.24657803E+02
   0.28950602E+00  -0.51724136E+00  -0.24489954E+02
   0.28950602E+00  -0.68965518E+00  -0.24345521E+02
   0.28950602E+00  -0.86206895E+00  -0.24229209E+02
   0.28950602E+00  -0.10344827E+01  -0.24139691E+02
   0.28950602E+00  -0.12068965E+01  -0.24071931E+02
   0.28950602E+00  -0.13793104E+01  -0.24019735E+02
   0.28950602E+00  -0.15517242E+01  -0.23977106E+02
   0.28950602E+00  -0.17241379E+01  -0.23938640E+02
   0.28950602E+00  -0.18965517E+01  -0.23899482E+02
   0.28950602E+00  -0.20689654E+01  -0.23855205E+02
   0.28950602E+00  -0.22413793E+01  -0.23801798E+02
   0.28950602E+00  -0.24137931E+01  -0.23735868E+02
   0.28950602E+00  -0.25862069E+01  -0.23655000E+02
   0.28950602E+00  -0.27586207E+01  -0.23558101E+02
   0.28950602E+00  -0.29310346E+01  -0.23445511E+02
   0.28950602E+00  -0.31034484E+01  -0.23318765E+02
   0.28950602E+00  -0.32758620E+01  -0.23180122E+02
   0.28950602E+00  -0.34482758E+01  -0.23032045E+02
   0.28950602E+00  -0.36206896E+01  -0.22876823E+02
   0.28950602E+00  -0.37931035E+01  -0.22716376E+02
   0.28950602E+00  -0.39655173E+01  -0.22552203E+02
   0.28950602E+00  -0.41379309E+01  -0.22385422E+02
   0.28950602E+00  -0.43103447E+01  -0.22216838E+02
   0.28950602E+00  -0.44827585E+01  -0.22047019E+02
   0.28950602E+00  -0.46551723E+01  -0.21876358E+02
   0.28950602E+00  -0.48275862E+01  -0.21705128E+02
   0.28950602E+00  -0.50000000E+01  -0.21533511E+02
 
   0.80674750E+00   0.00000000E+00  -0.25426075E+02
   0.80674750E+00  -0.17241380E+00  -0.25236326E+02
   0.80674750E+00  -0.34482759E+00  -0.25050909E+02
   0.80674750E+00  -0.51724136E+00  -0.24872080E+02
   0.80674750E+00  -0.68965518E+00  -0.24703383E+02
   0.80674750E+00  -0.86206895E+00  -0.24550563E+02
   0.80674750E+00  -0.10344827E+01  -0.24419713E+02
   0.80674750E+00  -0.12068965E+01  -0.24313232E+02
   0.80674750E+00  -0.13793104E+01  -0.24228990E+02
   0.80674750E+00  -0.15517242E+01  -0.24161838E+02
   0.80674750E+00  -0.17241379E+01  -0.24105547E+02
   0.80674750E+00  -0.18965517E+01  -0.24053906E+02
   0.80674750E+00  -0.20689654E+01  -0.24001158E+02
   0.80674750E+00  -0.22413793E+01  -0.23942195E+02
   0.80674750E+00  -0.24137931E+01  -0.23872769E+02
   0.80674750E+00  -0.25862069E+01  -0.23789818E+02
   0.80674750E+00  -0.27586207E+01  -0.23691765E+02
   0.80674750E+00  -0.29310346E+01  -0.23578592E+02
   0.80674750E+00  -0.31034484E+01  -0.23451592E+02
   0.80674750E+00  -0.32758620E+01  -0.23312865E+02
   0.80674750E+00  -0.34482758E+01  -0.23164780E+02
   0.80674750E+00  -0.36206896E+01  -0.23009581E+02
   0.80674750E+00  -0.37931035E+01  -0.22849163E+02
   0.80674750E+00  -0.39655173E+01  -0.22685016E+02
   0.80674750E+00  -0.41379309E+01  -0.22518256E+02
   0.80674750E+00  -0.43103447E+01  -0.22349688E+02
   0.80674750E+00  -0.44827585E+01  -0.22179880E+02
   0.80674750E+00  -0.46551723E+01  -0.22009228E+02
   0.80674750E+00  -0.48275862E+01  -0.21838002E+02
   0.80674750E+00  -0.50000000E+01  -0.21666389E+02
 
   0.13239890E+01   0.00000000E+00  -0.25823449E+02
   0.13239890E+01  -0.17241380E+00  -0.25633179E+02
   0.13239890E+01  -0.34482759E+00  -0.25446952E+02
   0.13239890E+01  -0.51724136E+00  -0.25266983E+02
   0.13239890E+01  -0.68965518E+00  -0.25095307E+02
   0.13239890E+01  -0.86206895E+00  -0.24935002E+02
   0.13239890E+01  -0.10344827E+01  -0.24789331E+02
   0.13239890E+01  -0.12068965E+01  -0.24661390E+02
   0.13239890E+01  -0.13793104E+01  -0.24552878E+02
   0.13239890E+01  -0.15517242E+01  -0.24462827E+02
   0.13239890E+01  -0.17241379E+01  -0.24387451E+02
   0.13239890E+01  -0.18965517E+01  -0.24321267E+02
   0.13239890E+01  -0.20689654E+01  -0.24258196E+02
   0.13239890E+01  -0.22413793E+01  -0.24192382E+02
   0.13239890E+01  -0.24137931E+01  -0.24118757E+02
   0.13239890E+01  -0.25862069E+01  -0.24033505E+02
   0.13239890E+01  -0.27586207E+01  -0.23934408E+02
   0.13239890E+01  -0.29310346E+01  -0.23820945E+02
   0.13239890E+01  -0.31034484E+01  -0.23694042E+02
   0.13239890E+01  -0.32758620E+01  -0.23555567E+02
   0.13239890E+01  -0.34482758E+01  -0.23407762E+02
   0.13239890E+01  -0.36206896E+01  -0.23252810E+02
   0.13239890E+01  -0.37931035E+01  -0.23092589E+02
   0.13239890E+01  -0.39655173E+01  -0.22928590E+02
   0.13239890E+01  -0.41379309E+01  -0.22761937E+02
   0.13239890E+01  -0.43103447E+01  -0.22593444E+02
   0.13239890E+01  -0.44827585E+01  -0.22423688E+02
   0.13239890E+01  -0.46551723E+01  -0.22253071E+02
   0.13239890E+01  -0.48275862E+01  -0.22081870E+02
   0.13239890E+01  -0.50000000E+01  -0.21910274E+02
 
   0.18412276E+01   0.00000000E+00  -0.26220856E+02
   0.18412276E+01  -0.17241380E+00  -0.26030251E+02
   0.18412276E+01  -0.34482759E+00  -0.25843668E+02
   0.18412276E+01  -0.51724136E+00  -0.25662777E+02
   0.18412276E+01  -0.68965518E+00  -0.25489845E+02
   0.18412276E+01  -0.86206895E+00  -0.25327607E+02
   0.18412276E+01  -0.10344827E+01  -0.25179003E+02
   0.18412276E+01  -0.12068965E+01  -0.25046593E+02
   0.18412276E+01  -0.13793104E+01  -0.24931761E+02
   0.18412276E+01  -0.15517242E+01  -0.24834040E+02
   0.18412276E+01  -0.17241379E+01  -0.24750879E+02
   0.18412276E+01  -0.18965517E+01  -0.24677960E+02
   0.18412276E+01  -0.20689654E+01  -0.24609883E+02
   0.18412276E+01  -0.22413793E+01  -0.24540962E+02
   0.18412276E+01  -0.24137931E+01  -0.24465939E+02
   0.18412276E+01  -0.25862069E+01  -0.24380614E+02
   0.18412276E+01  -0.27586207E+01  -0.24282311E+02
   0.18412276E+01  -0.29310346E+01  -0.24170080E+02
   0.18412276E+01  -0.31034484E+01  -0.24044510E+02
   0.18412276E+01  -0.32758620E+01  -0.23907258E+02
   0.18412276E+01  -0.34482758E+01  -0.23760469E+02
   0.18412276E+01  -0.36206896E+01  -0.23606305E+02
   0.18412276E+01  -0.37931035E+01  -0.23446669E+02
   0.18412276E+01  -0.39655173E+01  -0.23283090E+02
   0.18412276E+01  -0.41379309E+01  -0.23116733E+02
   0.18412276E+01  -0.43103447E+01  -0.22948445E+02
   0.18412276E+01  -0.44827585E+01  -0.22778830E+02
   0.18412276E+01  -0.46551723E+01  -0.22608310E+02
   0.18412276E+01  -0.48275862E+01  -0.22437174E+02
   0.18412276E+01  -0.50000000E+01  -0.22265622E+02
 
   0.23584719E+01   0.00000000E+00  -0.26618203E+02
   0.23584719E+01  -0.17241380E+00  -0.26427454E+02
   0.23584719E+01  -0.34482759E+00  -0.26240620E+02
   0.23584719E+01  -0.51724136E+00  -0.26059074E+02
   0.23584719E+01  -0.68965518E+00  -0.25885248E+02
   0.23584719E+01  -0.86206895E+00  -0.25721675E+02
   0.23584719E+01  -0.10344827E+01  -0.25571215E+02
   0.23584719E+01  -0.12068965E+01  -0.25436290E+02
   0.23584719E+01  -0.13793104E+01  -0.25318854E+02
   0.23584719E+01  -0.15517242E+01  -0.25218328E+02
   0.23584719E+01  -0.17241379E+01  -0.25132670E+02
   0.23584719E+01  -0.18965517E+01  -0.25057900E+02
   0.23584719E+01  -0.20689654E+01  -0.24988849E+02
   0.23584719E+01  -0.22413793E+01  -0.24919907E+02
   0.23584719E+01  -0.24137931E+01  -0.24845745E+02
   0.23584719E+01  -0.25862069E+01  -0.24761963E+02
   0.23584719E+01  -0.27586207E+01  -0.24665609E+02
   0.23584719E+01  -0.29310346E+01  -0.24555437E+02
   0.23584719E+01  -0.31034484E+01  -0.24431799E+02
   0.23584719E+01  -0.32758620E+01  -0.24296203E+02
   0.23584719E+01  -0.34482758E+01  -0.24150740E+02
   0.23584719E+01  -0.36206896E+01  -0.23997586E+02
   0.23584719E+01  -0.37931035E+01  -0.23838690E+02
   0.23584719E+01  -0.39655173E+01  -0.23675641E+02
   0.23584719E+01  -0.41379309E+01  -0.23509654E+02
   0.23584719E+01  -0.43103447E+01  -0.23341622E+02
   0.23584719E+01  -0.44827585E+01  -0.23172183E+02
   0.23584719E+01  -0.46551723E+01  -0.23001782E+02
   0.23584719E+01  -0.48275862E+01  -0.22830727E+02
   0.23584719E+01  -0.50000000E+01  -0.22659230E+02
 
   0.28757106E+01   0.00000000E+00  -0.27015598E+02
   0.28757106E+01  -0.17241380E+00  -0.26824712E+02
   0.28757106E+01  -0.34482759E+00  -0.26637540E+02
   0.28757106E+01  -0.51724136E+00  -0.26455672E+02
   0.28757106E+01  -0.68965518E+00  -0.26281194E+02
   0.28757106E+01  -0.86206895E+00  -0.26116659E+02
   0.28757106E+01  -0.10344827E+01  -0.25964856E+02
   0.28757106E+01  -0.12068965E+01  -0.25828347E+02
   0.28757106E+01  -0.13793104E+01  -0.25708785E+02
   0.28757106E+01  -0.15517242E+01  -0.25606232E+02
   0.28757106E+01  -0.17241379E+01  -0.25518786E+02
   0.28757106E+01  -0.18965517E+01  -0.25442719E+02
   0.28757106E+01  -0.20689654E+01  -0.25372900E+02
   0.28757106E+01  -0.22413793E+01  -0.25304004E+02
   0.28757106E+01  -0.24137931E+01  -0.25230565E+02
   0.28757106E+01  -0.25862069E+01  -0.25148033E+02
   0.28757106E+01  -0.27586207E+01  -0.25053432E+02
   0.28757106E+01  -0.29310346E+01  -0.24944920E+02
   0.28757106E+01  -0.31034484E+01  -0.24822846E+02
   0.28757106E+01  -0.32758620E+01  -0.24688599E+02
   0.28757106E+01  -0.34482758E+01  -0.24544221E+02
   0.28757106E+01  -0.36206896E+01  -0.24391897E+02
   0.28757106E+01  -0.37931035E+01  -0.24233611E+02
   0.28757106E+01  -0.39655173E+01  -0.24070999E+02
   0.28757106E+01  -0.41379309E+01  -0.23905318E+02
   0.28757106E+01  -0.43103447E+01  -0.23737499E+02
   0.28757106E+01  -0.44827585E+01  -0.23568205E+02
   0.28757106E+01  -0.46551723E+01  -0.23397903E+02
   0.28757106E+01  -0.48275862E+01  -0.23226915E+02
   0.28757106E+01  -0.50000000E+01  -0.23055464E+02
 
   0.33929549E+01   0.00000000E+00  -0.27412955E+02
   0.33929549E+01  -0.17241380E+00  -0.27221976E+02
   0.33929549E+01  -0.34482759E+00  -0.27034626E+02
   0.33929549E+01  -0.51724136E+00  -0.26852453E+02
   0.33929549E+01  -0.68965518E+00  -0.26677492E+02
   0.33929549E+01  -0.86206895E+00  -0.26512235E+02
   0.33929549E+01  -0.10344827E+01  -0.26359425E+02
   0.33929549E+01  -0.12068965E+01  -0.26221731E+02
   0.33929549E+01  -0.13793104E+01  -0.26100593E+02
   0.33929549E+01  -0.15517242E+01  -0.25996518E+02
   0.33929549E+01  -0.17241379E+01  -0.25907709E+02
   0.33929549E+01  -0.18965517E+01  -0.25830638E+02
   0.33929549E+01  -0.20689654E+01  -0.25760436E+02
   0.33929549E+01  -0.22413793E+01  -0.25691600E+02
   0.33929549E+01  -0.24137931E+01  -0.25618718E+02
   0.33929549E+01  -0.25862069E+01  -0.25537143E+02
   0.33929549E+01  -0.27586207E+01  -0.25443565E+02
   0.33929549E+01  -0.29310346E+01  -0.25336345E+02
   0.33929549E+01  -0.31034484E+01  -0.25215499E+02
   0.33929549E+01  -0.32758620E+01  -0.25082319E+02
   0.33929549E+01  -0.34482758E+01  -0.24938805E+02
   0.33929549E+01  -0.36206896E+01  -0.24787145E+02
   0.33929549E+01  -0.37931035E+01  -0.24629349E+02
   0.33929549E+01  -0.39655173E+01  -0.24467088E+02
   0.33929549E+01  -0.41379309E+01  -0.24301655E+02
   0.33929549E+01  -0.43103447E+01  -0.24134007E+02
   0.33929549E+01  -0.44827585E+01  -0.23964830E+02
   0.33929549E+01  -0.46551723E+01  -0.23794609E+02
   0.33929549E+01  -0.48275862E+01  -0.23623676E+02
   0.33929549E+01  -0.50000000E+01  -0.23452261E+02
 
   0.39101935E+01   0.00000000E+00  -0.27810255E+02
   0.39101935E+01  -0.17241380E+00  -0.27619194E+02
   0.39101935E+01  -0.34482759E+00  -0.27431719E+02
   0.39101935E+01  -0.51724136E+00  -0.27249317E+02
   0.39101935E+01  -0.68965518E+00  -0.27073988E+02
   0.39101935E+01  -0.86206895E+00  -0.26908176E+02
   0.39101935E+01  -0.10344827E+01  -0.26754598E+02
   0.39101935E+01  -0.12068965E+01  -0.26615826E+02
   0.39101935E+01  -0.13793104E+01  -0.26493644E+02
   0.39101935E+01  -0.15517242E+01  -0.26388389E+02
   0.39101935E+01  -0.17241379E+01  -0.26298522E+02
   0.39101935E+01  -0.18965517E+01  -0.26220664E+02
   0.39101935E+01  -0.20689654E+01  -0.26150176E+02
   0.39101935E+01  -0.22413793E+01  -0.26081231E+02
   0.39101935E+01  -0.24137931E+01  -0.26008763E+02
   0.39101935E+01  -0.25862069E+01  -0.25927930E+02
   0.39101935E+01  -0.27586207E+01  -0.25835302E+02
   0.39101935E+01  -0.29310346E+01  -0.25729108E+02
   0.39101935E+01  -0.31034484E+01  -0.25609244E+02
   0.39101935E+01  -0.32758620E+01  -0.25476922E+02
   0.39101935E+01  -0.34482758E+01  -0.25334107E+02
   0.39101935E+01  -0.36206896E+01  -0.25182985E+02
   0.39101935E+01  -0.37931035E+01  -0.25025588E+02
   0.39101935E+01  -0.39655173E+01  -0.24863613E+02
   0.39101935E+01  -0.41379309E+01  -0.24698381E+02
   0.39101935E+01  -0.43103447E+01  -0.24530873E+02
   0.39101935E+01  -0.44827585E+01  -0.24361792E+02
   0.39101935E+01  -0.46551723E+01  -0.24191636E+02
   0.39101935E+01  -0.48275862E+01  -0.24020748E+02
   0.39101935E+01  -0.50000000E+01  -0.23849363E+02
 
   0.44274378E+01   0.00000000E+00  -0.28207547E+02
   0.44274378E+01  -0.17241380E+00  -0.28016413E+02
   0.44274378E+01  -0.34482759E+00  -0.27828806E+02
   0.44274378E+01  -0.51724136E+00  -0.27646230E+02
   0.44274378E+01  -0.68965518E+00  -0.27470595E+02
   0.44274378E+01  -0.86206895E+00  -0.27304349E+02
   0.44274378E+01  -0.10344827E+01  -0.27150168E+02
   0.44274378E+01  -0.12068965E+01  -0.27010621E+02
   0.44274378E+01  -0.13793104E+01  -0.26887539E+02
   0.44274378E+01  -0.15517242E+01  -0.26781354E+02
   0.44274378E+01  -0.17241379E+01  -0.26690649E+02
   0.44274378E+01  -0.18965517E+01  -0.26612164E+02
   0.44274378E+01  -0.20689654E+01  -0.26541222E+02
   0.44274378E+01  -0.22413793E+01  -0.26472402E+02
   0.44274378E+01  -0.24137931E+01  -0.26400260E+02
   0.44274378E+01  -0.25862069E+01  -0.26320017E+02
   0.44274378E+01  -0.27586207E+01  -0.26228151E+02
   0.44274378E+01  -0.29310346E+01  -0.26122785E+02
   0.44274378E+01  -0.31034484E+01  -0.26003720E+02
   0.44274378E+01  -0.32758620E+01  -0.25872098E+02
   0.44274378E+01  -0.34482758E+01  -0.25729855E+02
   0.44274378E+01  -0.36206896E+01  -0.25579175E+02
   0.44274378E+01  -0.37931035E+01  -0.25422106E+02
   0.44274378E+01  -0.39655173E+01  -0.25260367E+02
   0.44274378E+01  -0.41379309E+01  -0.25095302E+02
   0.44274378E+01  -0.43103447E+01  -0.24927909E+02
   0.44274378E+01  -0.44827585E+01  -0.24758909E+02
   0.44274378E+01  -0.46551723E+01  -0.24588807E+02
   0.44274378E+01  -0.48275862E+01  -0.24417955E+02
   0.44274378E+01  -0.50000000E+01  -0.24246595E+02
 
   0.49446765E+01   0.00000000E+00  -0.28605025E+02
   0.49446765E+01  -0.17241380E+00  -0.28413701E+02
   0.49446765E+01  -0.34482759E+00  -0.28225905E+02
   0.49446765E+01  -0.51724136E+00  -0.28043144E+02
   0.49446765E+01  -0.68965518E+00  -0.27867265E+02
   0.49446765E+01  -0.86206895E+00  -0.27700658E+02
   0.49446765E+01  -0.10344827E+01  -0.27545985E+02
   0.49446765E+01  -0.12068965E+01  -0.27405811E+02
   0.49446765E+01  -0.13793104E+01  -0.27282004E+02
   0.49446765E+01  -0.15517242E+01  -0.27175066E+02
   0.49446765E+01  -0.17241379E+01  -0.27083681E+02
   0.49446765E+01  -0.18965517E+01  -0.27004682E+02
   0.49446765E+01  -0.20689654E+01  -0.26933466E+02
   0.49446765E+01  -0.22413793E+01  -0.26864593E+02
   0.49446765E+01  -0.24137931E+01  -0.26792740E+02
   0.49446765E+01  -0.25862069E+01  -0.26712997E+02
   0.49446765E+01  -0.27586207E+01  -0.26621770E+02
   0.49446765E+01  -0.29310346E+01  -0.26517097E+02
   0.49446765E+01  -0.31034484E+01  -0.26398699E+02
   0.49446765E+01  -0.32758620E+01  -0.26267616E+02
   0.49446765E+01  -0.34482758E+01  -0.26125849E+02
   0.49446765E+01  -0.36206896E+01  -0.25975537E+02
   0.49446765E+01  -0.37931035E+01  -0.25818742E+02
   0.49446765E+01  -0.39655173E+01  -0.25657201E+02
   0.49446765E+01  -0.41379309E+01  -0.25492275E+02
   0.49446765E+01  -0.43103447E+01  -0.25324978E+02
   0.49446765E+01  -0.44827585E+01  -0.25156044E+02
   0.49446765E+01  -0.46551723E+01  -0.24985987E+02
   0.49446765E+01  -0.48275862E+01  -0.24815167E+02
   0.49446765E+01  -0.50000000E+01  -0.24643828E+02
 
   0.54619179E+01   0.00000000E+00  -0.29003228E+02
   0.54619179E+01  -0.17241380E+00  -0.28811413E+02
   0.54619179E+01  -0.34482759E+00  -0.28623257E+02
   0.54619179E+01  -0.51724136E+00  -0.28440209E+02
   0.54619179E+01  -0.68965518E+00  -0.28264045E+02
   0.54619179E+01  -0.86206895E+00  -0.28097128E+02
   0.54619179E+01  -0.10344827E+01  -0.27941992E+02
   0.54619179E+01  -0.12068965E+01  -0.27801288E+02
   0.54619179E+01  -0.13793104E+01  -0.27676923E+02
   0.54619179E+01  -0.15517242E+01  -0.27569284E+02
   0.54619179E+01  -0.17241379E+01  -0.27477358E+02
   0.54619179E+01  -0.18965517E+01  -0.27397930E+02
   0.54619179E+01  -0.20689654E+01  -0.27326481E+02
   0.54619179E+01  -0.22413793E+01  -0.27257650E+02
   0.54619179E+01  -0.24137931E+01  -0.27185978E+02
   0.54619179E+01  -0.25862069E+01  -0.27106605E+02
   0.54619179E+01  -0.27586207E+01  -0.27015877E+02
   0.54619179E+01  -0.29310346E+01  -0.26911758E+02
   0.54619179E+01  -0.31034484E+01  -0.26793900E+02
   0.54619179E+01  -0.32758620E+01  -0.26663345E+02
   0.54619179E+01  -0.34482758E+01  -0.26521977E+02
   0.54619179E+01  -0.36206896E+01  -0.26371975E+02
   0.54619179E+01  -0.37931035E+01  -0.26215411E+02
   0.54619179E+01  -0.39655173E+01  -0.26054036E+02
   0.54619179E+01  -0.41379309E+01  -0.25889228E+02
   0.54619179E+01  -0.43103447E+01  -0.25722013E+02
   0.54619179E+01  -0.44827585E+01  -0.25553135E+02
   0.54619179E+01  -0.46551723E+01  -0.25383117E+02
   0.54619179E+01  -0.48275862E+01  -0.25212322E+02
   0.54619179E+01  -0.50000000E+01  -0.25041001E+02
 
   0.59791594E+01   0.00000000E+00  -0.29403298E+02
   0.59791594E+01  -0.17241380E+00  -0.29210251E+02
   0.59791594E+01  -0.34482759E+00  -0.29021369E+02
   0.59791594E+01  -0.51724136E+00  -0.28837732E+02
   0.59791594E+01  -0.68965518E+00  -0.28661126E+02
   0.59791594E+01  -0.86206895E+00  -0.28493767E+02
   0.59791594E+01  -0.10344827E+01  -0.28338224E+02
   0.59791594E+01  -0.12068965E+01  -0.28197013E+02
   0.59791594E+01  -0.13793104E+01  -0.28072110E+02
   0.59791594E+01  -0.15517242E+01  -0.27963966E+02
   0.59791594E+01  -0.17241379E+01  -0.27871523E+02
   0.59791594E+01  -0.18965517E+01  -0.27791725E+02
   0.59791594E+01  -0.20689654E+01  -0.27720072E+02
   0.59791594E+01  -0.22413793E+01  -0.27651226E+02
   0.59791594E+01  -0.24137931E+01  -0.27579725E+02
   0.59791594E+01  -0.25862069E+01  -0.27500678E+02
   0.59791594E+01  -0.27586207E+01  -0.27410380E+02
   0.59791594E+01  -0.29310346E+01  -0.27306736E+02
   0.59791594E+01  -0.31034484E+01  -0.27189342E+02
   0.59791594E+01  -0.32758620E+01  -0.27059198E+02
   0.59791594E+01  -0.34482758E+01  -0.26918169E+02
   0.59791594E+01  -0.36206896E+01  -0.26768431E+02
   0.59791594E+01  -0.37931035E+01  -0.26612063E+02
   0.59791594E+01  -0.39655173E+01  -0.26450830E+02
   0.59791594E+01  -0.41379309E+01  -0.26286122E+02
   0.59791594E+01  -0.43103447E+01  -0.26118977E+02
   0.59791594E+01  -0.44827585E+01  -0.25950198E+02
   0.59791594E+01  -0.46551723E+01  -0.25780213E+02
   0.59791594E+01  -0.48275862E+01  -0.25609440E+02
   0.59791594E+01  -0.50000000E+01  -0.25438134E+02
 
   0.64964009E+01   0.00000000E+00  -0.29808457E+02
   0.64964009E+01  -0.17241380E+00  -0.29612367E+02
   0.64964009E+01  -0.34482759E+00  -0.29421471E+02
   0.64964009E+01  -0.51724136E+00  -0.29236554E+02
   0.64964009E+01  -0.68965518E+00  -0.29059080E+02
   0.64964009E+01  -0.86206895E+00  -0.28891031E+02
   0.64964009E+01  -0.10344827E+01  -0.28734924E+02
   0.64964009E+01  -0.12068965E+01  -0.28593142E+02
   0.64964009E+01  -0.13793104E+01  -0.28467664E+02
   0.64964009E+01  -0.15517242E+01  -0.28359038E+02
   0.64964009E+01  -0.17241379E+01  -0.28266143E+02
   0.64964009E+01  -0.18965517E+01  -0.28185975E+02
   0.64964009E+01  -0.20689654E+01  -0.28114149E+02
   0.64964009E+01  -0.22413793E+01  -0.28045290E+02
   0.64964009E+01  -0.24137931E+01  -0.27973933E+02
   0.64964009E+01  -0.25862069E+01  -0.27895163E+02
   0.64964009E+01  -0.27586207E+01  -0.27805231E+02
   0.64964009E+01  -0.29310346E+01  -0.27701992E+02
   0.64964009E+01  -0.31034484E+01  -0.27584994E+02
   0.64964009E+01  -0.32758620E+01  -0.27455202E+02
   0.64964009E+01  -0.34482758E+01  -0.27314463E+02
   0.64964009E+01  -0.36206896E+01  -0.27164951E+02
   0.64964009E+01  -0.37931035E+01  -0.27008752E+02
   0.64964009E+01  -0.39655173E+01  -0.26847641E+02
   0.64964009E+01  -0.41379309E+01  -0.26683019E+02
   0.64964009E+01  -0.43103447E+01  -0.26515934E+02
   0.64964009E+01  -0.44827585E+01  -0.26347145E+02
   0.64964009E+01  -0.46551723E+01  -0.26177188E+02
   0.64964009E+01  -0.48275862E+01  -0.26006435E+02
   0.64964009E+01  -0.50000000E+01  -0.25835141E+02
 
   0.70136424E+01   0.00000000E+00  -0.30226151E+02
   0.70136424E+01  -0.17241380E+00  -0.30022575E+02
   0.70136424E+01  -0.34482759E+00  -0.29826892E+02
   0.70136424E+01  -0.51724136E+00  -0.29638866E+02
   0.70136424E+01  -0.68965518E+00  -0.29459292E+02
   0.70136424E+01  -0.86206895E+00  -0.29289832E+02
   0.70136424E+01  -0.10344827E+01  -0.29132694E+02
   0.70136424E+01  -0.12068965E+01  -0.28990160E+02
   0.70136424E+01  -0.13793104E+01  -0.28863961E+02
   0.70136424E+01  -0.15517242E+01  -0.28754773E+02
   0.70136424E+01  -0.17241379E+01  -0.28661378E+02
   0.70136424E+01  -0.18965517E+01  -0.28580866E+02
   0.70136424E+01  -0.20689654E+01  -0.28508798E+02
   0.70136424E+01  -0.22413793E+01  -0.28439863E+02
   0.70136424E+01  -0.24137931E+01  -0.28368582E+02
   0.70136424E+01  -0.25862069E+01  -0.28290055E+02
   0.70136424E+01  -0.27586207E+01  -0.28200417E+02
   0.70136424E+01  -0.29310346E+01  -0.28097512E+02
   0.70136424E+01  -0.31034484E+01  -0.27980845E+02
   0.70136424E+01  -0.32758620E+01  -0.27851349E+02
   0.70136424E+01  -0.34482758E+01  -0.27710857E+02
   0.70136424E+01  -0.36206896E+01  -0.27561537E+02
   0.70136424E+01  -0.37931035E+01  -0.27405482E+02
   0.70136424E+01  -0.39655173E+01  -0.27244475E+02
   0.70136424E+01  -0.41379309E+01  -0.27079927E+02
   0.70136424E+01  -0.43103447E+01  -0.26912893E+02
   0.70136424E+01  -0.44827585E+01  -0.26744140E+02
   0.70136424E+01  -0.46551723E+01  -0.26574207E+02
   0.70136424E+01  -0.48275862E+01  -0.26403470E+02
   0.70136424E+01  -0.50000000E+01  -0.26232188E+02
 
   0.75308839E+01   0.00000000E+00  -0.30674350E+02
   0.75308839E+01  -0.17241380E+00  -0.30452775E+02
   0.75308839E+01  -0.34482759E+00  -0.30245404E+02
   0.75308839E+01  -0.51724136E+00  -0.30049802E+02
   0.75308839E+01  -0.68965518E+00  -0.29865330E+02
   0.75308839E+01  -0.86206895E+00  -0.29692647E+02
   0.75308839E+01  -0.10344827E+01  -0.29533291E+02
   0.75308839E+01  -0.12068965E+01  -0.29389169E+02
   0.75308839E+01  -0.13793104E+01  -0.29261846E+02
   0.75308839E+01  -0.15517242E+01  -0.29151776E+02
   0.75308839E+01  -0.17241379E+01  -0.29057759E+02
   0.75308839E+01  -0.18965517E+01  -0.28976812E+02
   0.75308839E+01  -0.20689654E+01  -0.28904480E+02
   0.75308839E+01  -0.22413793E+01  -0.28835411E+02
   0.75308839E+01  -0.24137931E+01  -0.28764168E+02
   0.75308839E+01  -0.25862069E+01  -0.28685756E+02
   0.75308839E+01  -0.27586207E+01  -0.28596354E+02
   0.75308839E+01  -0.29310346E+01  -0.28493725E+02
   0.75308839E+01  -0.31034484E+01  -0.28377335E+02
   0.75308839E+01  -0.32758620E+01  -0.28248090E+02
   0.75308839E+01  -0.34482758E+01  -0.28107807E+02
   0.75308839E+01  -0.36206896E+01  -0.27958651E+02
   0.75308839E+01  -0.37931035E+01  -0.27802719E+02
   0.75308839E+01  -0.39655173E+01  -0.27641801E+02
   0.75308839E+01  -0.41379309E+01  -0.27477316E+02
   0.75308839E+01  -0.43103447E+01  -0.27310327E+02
   0.75308839E+01  -0.44827585E+01  -0.27141604E+02
   0.75308839E+01  -0.46551723E+01  -0.26971691E+02
   0.75308839E+01  -0.48275862E+01  -0.26800969E+02
   0.75308839E+01  -0.50000000E+01  -0.26629696E+02
 
   0.80481253E+01   0.00000000E+00  -0.31194927E+02
   0.80481253E+01  -0.17241380E+00  -0.30930859E+02
   0.80481253E+01  -0.34482759E+00  -0.30695696E+02
   0.80481253E+01  -0.51724136E+00  -0.30481981E+02
   0.80481253E+01  -0.68965518E+00  -0.30285691E+02
   0.80481253E+01  -0.86206895E+00  -0.30105273E+02
   0.80481253E+01  -0.10344827E+01  -0.29940837E+02
   0.80481253E+01  -0.12068965E+01  -0.29793331E+02
   0.80481253E+01  -0.13793104E+01  -0.29663683E+02
   0.80481253E+01  -0.15517242E+01  -0.29551970E+02
   0.80481253E+01  -0.17241379E+01  -0.29456785E+02
   0.80481253E+01  -0.18965517E+01  -0.29375032E+02
   0.80481253E+01  -0.20689654E+01  -0.29302182E+02
   0.80481253E+01  -0.22413793E+01  -0.29232860E+02
   0.80481253E+01  -0.24137931E+01  -0.29161526E+02
   0.80481253E+01  -0.25862069E+01  -0.29083167E+02
   0.80481253E+01  -0.27586207E+01  -0.28993915E+02
   0.80481253E+01  -0.29310346E+01  -0.28891488E+02
   0.80481253E+01  -0.31034484E+01  -0.28775314E+02
   0.80481253E+01  -0.32758620E+01  -0.28646270E+02
   0.80481253E+01  -0.34482758E+01  -0.28506156E+02
   0.80481253E+01  -0.36206896E+01  -0.28357136E+02
   0.80481253E+01  -0.37931035E+01  -0.28201305E+02
   0.80481253E+01  -0.39655173E+01  -0.28040462E+02
   0.80481253E+01  -0.41379309E+01  -0.27876029E+02
   0.80481253E+01  -0.43103447E+01  -0.27709076E+02
   0.80481253E+01  -0.44827585E+01  -0.27540378E+02
   0.80481253E+01  -0.46551723E+01  -0.27370483E+02
   0.80481253E+01  -0.48275862E+01  -0.27199772E+02
   0.80481253E+01  -0.50000000E+01  -0.27028507E+02
 
   0.85653668E+01   0.00000000E+00  -0.31883387E+02
   0.85653668E+01  -0.17241380E+00  -0.31521247E+02
   0.85653668E+01  -0.34482759E+00  -0.31221294E+02
   0.85653668E+01  -0.51724136E+00  -0.30964931E+02
   0.85653668E+01  -0.68965518E+00  -0.30740658E+02
   0.85653668E+01  -0.86206895E+00  -0.30541913E+02
   0.85653668E+01  -0.10344827E+01  -0.30365438E+02
   0.85653668E+01  -0.12068965E+01  -0.30209969E+02
   0.85653668E+01  -0.13793104E+01  -0.30075017E+02
   0.85653668E+01  -0.15517242E+01  -0.29959748E+02
   0.85653668E+01  -0.17241379E+01  -0.29862170E+02
   0.85653668E+01  -0.18965517E+01  -0.29778811E+02
   0.85653668E+01  -0.20689654E+01  -0.29704911E+02
   0.85653668E+01  -0.22413793E+01  -0.29634939E+02
   0.85653668E+01  -0.24137931E+01  -0.29563250E+02
   0.85653668E+01  -0.25862069E+01  -0.29484748E+02
   0.85653668E+01  -0.27586207E+01  -0.29395497E+02
   0.85653668E+01  -0.29310346E+01  -0.29293158E+02
   0.85653668E+01  -0.31034484E+01  -0.29177112E+02
   0.85653668E+01  -0.32758620E+01  -0.29048202E+02
   0.85653668E+01  -0.34482758E+01  -0.28908209E+02
   0.85653668E+01  -0.36206896E+01  -0.28759287E+02
   0.85653668E+01  -0.37931035E+01  -0.28603532E+02
   0.85653668E+01  -0.39655173E+01  -0.28442744E+02
   0.85653668E+01  -0.41379309E+01  -0.28278352E+02
   0.85653668E+01  -0.43103447E+01  -0.28111427E+02
   0.85653668E+01  -0.44827585E+01  -0.27942748E+02
   0.85653668E+01  -0.46551723E+01  -0.27772866E+02
   0.85653668E+01  -0.48275862E+01  -0.27602164E+02
   0.85653668E+01  -0.50000000E+01  -0.27430906E+02
 
   0.90826083E+01   0.00000000E+00  -0.32953586E+02
   0.90826083E+01  -0.17241380E+00  -0.32369312E+02
   0.90826083E+01  -0.34482759E+00  -0.31921371E+02
   0.90826083E+01  -0.51724136E+00  -0.31566736E+02
   0.90826083E+01  -0.68965518E+00  -0.31277422E+02
   0.90826083E+01  -0.86206895E+00  -0.31035730E+02
   0.90826083E+01  -0.10344827E+01  -0.30830934E+02
   0.90826083E+01  -0.12068965E+01  -0.30656784E+02
   0.90826083E+01  -0.13793104E+01  -0.30509474E+02
   0.90826083E+01  -0.15517242E+01  -0.30385988E+02
   0.90826083E+01  -0.17241379E+01  -0.30282921E+02
   0.90826083E+01  -0.18965517E+01  -0.30195899E+02
   0.90826083E+01  -0.20689654E+01  -0.30119574E+02
   0.90826083E+01  -0.22413793E+01  -0.30048028E+02
   0.90826083E+01  -0.24137931E+01  -0.29975353E+02
   0.90826083E+01  -0.25862069E+01  -0.29896273E+02
   0.90826083E+01  -0.27586207E+01  -0.29806716E+02
   0.90826083E+01  -0.29310346E+01  -0.29704246E+02
   0.90826083E+01  -0.31034484E+01  -0.29588169E+02
   0.90826083E+01  -0.32758620E+01  -0.29459279E+02
   0.90826083E+01  -0.34482758E+01  -0.29319325E+02
   0.90826083E+01  -0.36206896E+01  -0.29170445E+02
   0.90826083E+01  -0.37931035E+01  -0.29014725E+02
   0.90826083E+01  -0.39655173E+01  -0.28853966E+02
   0.90826083E+01  -0.41379309E+01  -0.28689594E+02
   0.90826083E+01  -0.43103447E+01  -0.28522685E+02
   0.90826083E+01  -0.44827585E+01  -0.28354017E+02
   0.90826083E+01  -0.46551723E+01  -0.28184142E+02
   0.90826083E+01  -0.48275862E+01  -0.28013445E+02
   0.90826083E+01  -0.50000000E+01  -0.27842190E+02
 
   0.95998498E+01   0.00000000E+00  -0.34879337E+02
   0.95998498E+01  -0.17241380E+00  -0.33798419E+02
   0.95998498E+01  -0.34482759E+00  -0.33017838E+02
   0.95998498E+01  -0.51724136E+00  -0.32440855E+02
   0.95998498E+01  -0.68965518E+00  -0.32003261E+02
   0.95998498E+01  -0.86206895E+00  -0.31662916E+02
   0.95998498E+01  -0.10344827E+01  -0.31392621E+02
   0.95998498E+01  -0.12068965E+01  -0.31175028E+02
   0.95998498E+01  -0.13793104E+01  -0.30998890E+02
   0.95998498E+01  -0.15517242E+01  -0.30856250E+02
   0.95998498E+01  -0.17241379E+01  -0.30740437E+02
   0.95998498E+01  -0.18965517E+01  -0.30644926E+02
   0.95998498E+01  -0.20689654E+01  -0.30562955E+02
   0.95998498E+01  -0.22413793E+01  -0.30487674E+02
   0.95998498E+01  -0.24137931E+01  -0.30412555E+02
   0.95998498E+01  -0.25862069E+01  -0.30331901E+02
   0.95998498E+01  -0.27586207E+01  -0.30241356E+02
   0.95998498E+01  -0.29310346E+01  -0.30138282E+02
   0.95998498E+01  -0.31034484E+01  -0.30021848E+02
   0.95998498E+01  -0.32758620E+01  -0.29892750E+02
   0.95998498E+01  -0.34482758E+01  -0.29752678E+02
   0.95998498E+01  -0.36206896E+01  -0.29603730E+02
   0.95998498E+01  -0.37931035E+01  -0.29447972E+02
   0.95998498E+01  -0.39655173E+01  -0.29287190E+02
   0.95998498E+01  -0.41379309E+01  -0.29122805E+02
   0.95998498E+01  -0.43103447E+01  -0.28955887E+02
   0.95998498E+01  -0.44827585E+01  -0.28787214E+02
   0.95998498E+01  -0.46551723E+01  -0.28617336E+02
   0.95998498E+01  -0.48275862E+01  -0.28446637E+02
   0.95998498E+01  -0.50000000E+01  -0.28275380E+02
 
   0.10117091E+02   0.00000000E+00  -0.38707227E+02
   0.10117091E+02  -0.17241380E+00  -0.36523370E+02
   0.10117091E+02  -0.34482759E+00  -0.35002219E+02
   0.10117091E+02  -0.51724136E+00  -0.33928409E+02
   0.10117091E+02  -0.68965518E+00  -0.33157898E+02
   0.10117091E+02  -0.86206895E+00  -0.32594802E+02
   0.10117091E+02  -0.10344827E+01  -0.32175703E+02
   0.10117091E+02  -0.12068965E+01  -0.31858825E+02
   0.10117091E+02  -0.13793104E+01  -0.31616490E+02
   0.10117091E+02  -0.15517242E+01  -0.31429714E+02
   0.10117091E+02  -0.17241379E+01  -0.31284456E+02
   0.10117091E+02  -0.18965517E+01  -0.31169285E+02
   0.10117091E+02  -0.20689654E+01  -0.31074184E+02
   0.10117091E+02  -0.22413793E+01  -0.30990143E+02
   0.10117091E+02  -0.24137931E+01  -0.30909196E+02
   0.10117091E+02  -0.25862069E+01  -0.30824685E+02
   0.10117091E+02  -0.27586207E+01  -0.30731602E+02
   0.10117091E+02  -0.29310346E+01  -0.30626870E+02
   0.10117091E+02  -0.31034484E+01  -0.30509358E+02
   0.10117091E+02  -0.32758620E+01  -0.30379563E+02
   0.10117091E+02  -0.34482758E+01  -0.30239037E+02
   0.10117091E+02  -0.36206896E+01  -0.30089794E+02
   0.10117091E+02  -0.37931035E+01  -0.29933843E+02
   0.10117091E+02  -0.39655173E+01  -0.29772933E+02
   0.10117091E+02  -0.41379309E+01  -0.29608464E+02
   0.10117091E+02  -0.43103447E+01  -0.29441490E+02
   0.10117091E+02  -0.44827585E+01  -0.29272780E+02
   0.10117091E+02  -0.46551723E+01  -0.29102877E+02
   0.10117091E+02  -0.48275862E+01  -0.28932161E+02
   0.10117091E+02  -0.50000000E+01  -0.28760893E+02
 
