#Rates for H chemisorption rates. Lines are:
#1. process type (P=physisorbed, C=chemisorbed)
#2. number of temperature interval (linear)
#3. mininum temperature
#4. temperature interval
#data are rate (1/s)

PP
30
1.000d0
3.330d1
1.4141474d1
4.1905713d3
2.8441243d7
8.0786874d8
4.4449752d9
1.2533535d10
2.5195825d10
4.1668019d10
6.0934585d10
8.2048338d10
1.0423755d11
1.2691521d11
1.4965318d11
1.7214893d11
1.9419498d11
2.1565410d11
2.3644014d11
2.5650367d11
2.7582139d11
2.9438839d11
3.1221250d11
3.2931021d11
3.4570369d11
3.6141873d11
3.7648313d11
3.9092568d11
4.0477535d11
4.1806080d11
4.3080996d11
4.4304985d11

CC
30
1.000d0
3.330d1
5.4689909d-21
2.7769267d-19
8.5450583d-19
3.8471504d-18
2.9890946d-11
7.4979770d-7
6.6204290d-4
8.5646735d-2
3.3225283d0
5.7617202d1
5.6791322d2
3.7084912d3
1.7772408d4
6.7105118d4
2.1002928d5
5.6560857d5
1.3478097d6
2.9035672d6
5.7501483d6
1.0607252d7
1.8420214d7
3.0372121d7
4.7884122d7
7.2604524d7
1.0638820d8
1.5126832d8
2.0942282d8
2.8313757d8
3.7476860d8
4.8670476d8

PC
30
1.000d0
3.330d1
3.4616502d-1
6.7954738d2
1.1716658d7
3.4865105d8
1.9913809d9
5.7979584d9
1.1987334d10
2.0325363d10
3.0398327d10
4.1773917d10
5.4069515d10
6.6971488d10
8.0233204d10
9.3665554d10
1.0712607d11
1.2050896d11
1.3373682d11
1.4675397d11
1.5952129d11
1.7201219d11
1.8420959d11
1.9610354d11
2.0768944d11
2.1896669d11
2.2993765d11
2.4060683d11
2.5098030d11
2.6106523d11
2.7086950d11
2.8040150d11

CP
30
1.000d0
3.330d1
8.3447865d-45
1.2127846d-39
2.2572067d-39
3.9563282d-39
1.1112703d-34
9.2154507d-24
5.7738444d-18
8.1328910d-14
1.0627746d-10
2.8378583d-8
2.4893780d-6
9.7090756d-5
2.0606104d-3
2.7375378d-2
2.5162415d-1
1.7222089d0
9.2749848d0
4.0998037d1
1.5370898d2
5.0163580d2
1.4549519d3
3.8140183d3
9.1615435d3
2.0396056d4
4.2484781d4
8.3462317d4
1.5568475d5
2.7732935d5
4.7411018d5
7.8116241d5

