  0.10000000E-001  0.11593341E+003
  0.10473709E-001  0.11588290E+003
  0.10969858E-001  0.11583001E+003
  0.11489510E-001  0.11577465E+003
  0.12033778E-001  0.11571669E+003
  0.12603829E-001  0.11565602E+003
  0.13200884E-001  0.11559251E+003
  0.13826222E-001  0.11552603E+003
  0.14481182E-001  0.11545644E+003
  0.15167169E-001  0.11538360E+003
  0.15885651E-001  0.11530735E+003
  0.16638169E-001  0.11522755E+003
  0.17426334E-001  0.11514403E+003
  0.18251835E-001  0.11505661E+003
  0.19116441E-001  0.11496513E+003
  0.20022004E-001  0.11486939E+003
  0.20970464E-001  0.11476920E+003
  0.21963854E-001  0.11466436E+003
  0.23004301E-001  0.11455465E+003
  0.24094036E-001  0.11443986E+003
  0.25235392E-001  0.11431976E+003
  0.26430815E-001  0.11419410E+003
  0.27682866E-001  0.11406264E+003
  0.28994229E-001  0.11392511E+003
  0.30367711E-001  0.11378124E+003
  0.31806257E-001  0.11363076E+003
  0.33312948E-001  0.11347336E+003
  0.34891012E-001  0.11330873E+003
  0.36543831E-001  0.11313657E+003
  0.38274945E-001  0.11295653E+003
  0.40088063E-001  0.11276827E+003
  0.41987071E-001  0.11257142E+003
  0.43976036E-001  0.11236562E+003
  0.46059220E-001  0.11215048E+003
  0.48241087E-001  0.11192558E+003
  0.50526311E-001  0.11169051E+003
  0.52919787E-001  0.11144484E+003
  0.55426645E-001  0.11118811E+003
  0.58052255E-001  0.11091986E+003
  0.60802243E-001  0.11063958E+003
  0.63682499E-001  0.11034680E+003
  0.66699197E-001  0.11004097E+003
  0.69858797E-001  0.10972156E+003
  0.73168071E-001  0.10938802E+003
  0.76634109E-001  0.10903976E+003
  0.80264335E-001  0.10867620E+003
  0.84066529E-001  0.10829671E+003
  0.88048836E-001  0.10790067E+003
  0.92219788E-001  0.10748742E+003
  0.96588322E-001  0.10705629E+003
  0.10116380E+000  0.10660659E+003
  0.10595602E+000  0.10613761E+003
  0.11097525E+000  0.10564863E+003
  0.11623225E+000  0.10513890E+003
  0.12173827E+000  0.10460766E+003
  0.12750512E+000  0.10405413E+003
  0.13354516E+000  0.10347753E+003
  0.13987131E+000  0.10287703E+003
  0.14649714E+000  0.10225182E+003
  0.15343684E+000  0.10160107E+003
  0.16070528E+000  0.10092394E+003
  0.16831804E+000  0.10021956E+003
  0.17629141E+000  0.99487090E+002
  0.18464249E+000  0.98725660E+002
  0.19338918E+000  0.97934408E+002
  0.20255019E+000  0.97112472E+002
  0.21214518E+000  0.96258995E+002
  0.22219469E+000  0.95373129E+002
  0.23272025E+000  0.94454039E+002
  0.24374442E+000  0.93500906E+002
  0.25529081E+000  0.92512933E+002
  0.26738416E+000  0.91489349E+002
  0.28005039E+000  0.90429418E+002
  0.29331663E+000  0.89332440E+002
  0.30721130E+000  0.88197762E+002
  0.32176418E+000  0.87024784E+002
  0.33700643E+000  0.85812962E+002
  0.35297073E+000  0.84561824E+002
  0.36969127E+000  0.83270973E+002
  0.38720388E+000  0.81940094E+002
  0.40554607E+000  0.80568971E+002
  0.42475716E+000  0.79157489E+002
  0.44487828E+000  0.77705650E+002
  0.46595257E+000  0.76213577E+002
  0.48802516E+000  0.74681533E+002
  0.51114335E+000  0.73109923E+002
  0.53535667E+000  0.71499314E+002
  0.56071699E+000  0.69850438E+002
  0.58727866E+000  0.68164208E+002
  0.61509858E+000  0.66441728E+002
  0.64423635E+000  0.64684302E+002
  0.67475441E+000  0.62893444E+002
  0.70671813E+000  0.61070889E+002
  0.74019600E+000  0.59218599E+002
  0.77525975E+000  0.57338771E+002
  0.81198450E+000  0.55433841E+002
  0.85044893E+000  0.53506491E+002
  0.89073546E+000  0.51559649E+002
  0.93293040E+000  0.49596488E+002
  0.97712415E+000  0.47620425E+002
  0.10234114E+001  0.45635116E+002
  0.10718913E+001  0.43644443E+002
  0.11226678E+001  0.41652510E+002
  0.11758496E+001  0.39663620E+002
  0.12315506E+001  0.37682260E+002
  0.12898903E+001  0.35713078E+002
  0.13509935E+001  0.33760853E+002
  0.14149913E+001  0.31830470E+002
  0.14820207E+001  0.29926876E+002
  0.15522254E+001  0.28055050E+002
  0.16257557E+001  0.26219955E+002
  0.17027692E+001  0.24426494E+002
  0.17834309E+001  0.22679458E+002
  0.18679136E+001  0.20983480E+002
  0.19563983E+001  0.19342979E+002
  0.20490747E+001  0.17762105E+002
  0.21461412E+001  0.16244690E+002
  0.22478058E+001  0.14794191E+002
  0.23542864E+001  0.13413645E+002
  0.24658111E+001  0.12105620E+002
  0.25826188E+001  0.10872175E+002
  0.27049597E+001  0.97148247E+001
  0.28330961E+001  0.86345153E+001
  0.29673024E+001  0.76316019E+001
  0.31078662E+001  0.67058421E+001
  0.32550886E+001  0.58563965E+001
  0.34092851E+001  0.50818416E+001
  0.35707860E+001  0.43801935E+001
  0.37399373E+001  0.37489420E+001
  0.39171015E+001  0.31850966E+001
  0.41026581E+001  0.26852411E+001
  0.42970047E+001  0.22455976E+001
  0.45005577E+001  0.18620964E+001
  0.47137531E+001  0.15304520E+001
  0.49370479E+001  0.12462412E+001
  0.51709202E+001  0.10049817E+001
  0.54158714E+001  0.80220934E+000
  0.56724261E+001  0.63355023E+000
  0.59411340E+001  0.49478731E+000
  0.62225708E+001  0.38191807E+000
  0.65173396E+001  0.29120248E+000
  0.68260718E+001  0.21920014E+000
  0.71494290E+001  0.16279579E+000
  0.74881039E+001  0.11921347E+000
  0.78428221E+001  0.86019582E-001
  0.82143436E+001  0.61116090E-001
  0.86034644E+001  0.42724990E-001
  0.90110183E+001  0.29365910E-001
  0.94378783E+001  0.19828559E-001
  0.98849590E+001  0.13141944E-001
  0.10353218E+002  0.85421293E-002
  0.10843660E+002  0.54401376E-002
  0.11357334E+002  0.33913374E-002
  0.11895341E+002  0.20673299E-002
  0.12458834E+002  0.12310215E-002
  0.13049020E+002  0.71524729E-003
  0.13667164E+002  0.40501985E-003
  0.14314589E+002  0.22325270E-003
  0.14992684E+002  0.11963638E-003
  0.15702901E+002  0.62243705E-004
  0.16446762E+002  0.31396792E-004
  0.17225860E+002  0.15331901E-004
  0.18041864E+002  0.72370349E-005
  0.18896523E+002  0.32967101E-005
  0.19791669E+002  0.14468537E-005
  0.20729218E+002  0.61069732E-006
  0.21711179E+002  0.24744708E-006
  0.22739658E+002  0.96062297E-007
  0.23816856E+002  0.35658044E-007
  0.24945081E+002  0.12629142E-007
  0.26126752E+002  0.42582989E-008
  0.27364400E+002  0.13637440E-008
  0.28660676E+002  0.41381339E-009
  0.30018358E+002  0.11867016E-009
  0.31440355E+002  0.32076120E-010
  0.32929713E+002  0.81490861E-011
  0.34489623E+002  0.19402214E-011
  0.36123427E+002  0.43160875E-012
  0.37834626E+002  0.89435903E-013
  0.39626886E+002  0.17223288E-013
  0.41504048E+002  0.30910010E-014
  0.43470132E+002  0.53531660E-015
  0.45529351E+002  0.10982663E-015
  0.47686117E+002  0.44862213E-016
  0.49945051E+002  0.35802713E-016
  0.52310993E+002  0.34653683E-016
  0.54789012E+002  0.34521728E-016
  0.57384416E+002  0.34508071E-016
  0.60102768E+002  0.34506803E-016
  0.62949890E+002  0.34506698E-016
  0.65931883E+002  0.34506690E-016
  0.69055135E+002  0.34506690E-016
  0.72326339E+002  0.34506690E-016
  0.75752503E+002  0.34506690E-016
  0.79340967E+002  0.34506690E-016
  0.83099419E+002  0.34506690E-016
  0.87035914E+002  0.34506690E-016
  0.91158883E+002  0.34506690E-016
  0.95477161E+002  0.34506690E-016
  0.10000000E+003  0.34506690E-016
